____________________________________
Mon Jun  3 14:30:33 2024


PARAMETERS
NUMBER_NEURON = 6
ODOM_TEST = 2
VOLTAGE_TRESHOLD = 2
LEARNING_RATE = 0.1
LEAK_RATE_TEST = 1.5
TIME_ITERATION = 120
ITERATION_SPIKE_IN = 400
RANDOM_SEED_TEST_SNN = 40
RANDOM_SEED_TEST_GYRO = 3
RANDOM_SEED_TEST_IN = 10
THRESHOLD_COORDINATES = 0.043
THRESHOLD_GYROSCOPE = 0.03  0.03  1.9   
____________________________________
Mon Jun  3 14:30:33 2024


PARAMETERS
NUMBER_NEURON = 6
ODOM_TEST = 2
VOLTAGE_TRESHOLD = 2
LEARNING_RATE = 0.1
LEAK_RATE_TEST = 1.5
TIME_ITERATION = 120
ITERATION_SPIKE_IN = 400
RANDOM_SEED_TEST_SNN = 40
RANDOM_SEED_TEST_GYRO = 3
RANDOM_SEED_TEST_IN = 10
THRESHOLD_COORDINATES = 0.043
THRESHOLD_GYROSCOPE = 0.03  0.03  1.9   
0    0    0    0    0    0     
0    0    0    0    0    0     
0    0    0    0    0    0     
0    0    0    0    0    0     
1    1    1    1    1    1     
1    1    1    1    1    0     
1    1    0    1    1    1     
1    1    1    1    1    0     
0    1    0    1    1    1     
1    0    1    0    1    0     
0    1    0    1    0    0     
1    0    1    0    1    1     
1    1    0    1    0    0     
1    1    1    1    1    0     
1    1    0    1    1    1     
1    1    1    0    1    0     
0    0    0    1    0    0     
1    1    0    0    0    0     
0    0    1    1    1    1     
1    1    0    0    0    0     
0    0    1    1    1    0     
1    1    0    0    0    0     
0    0    0    1    1    0     
1    1    1    0    0    1     
0    0    0    1    1    0     
1    1    1    0    0    0     
0    0    0    1    1    0     
1    1    1    0    0    0     
1    0    1    1    1    1     
1    1    1    1    1    0     
1    1    0    1    0    0     
1    1    1    1    1    0     
1    0    0    1    0    0     
0    1    1    0    1    1     
1    0    0    1    1    0     
1    1    1    0    0    0     
0    0    0    1    1    0     
1    1    1    0    0    0     
0    0    0    1    1    1     
1    1    1    0    0    0     
0    0    0    1    1    0     
1    1    1    0    1    0     
1    0    0    1    1    1     
1    1    1    0    1    0     
0    0    0    1    1    0     
1    1    1    0    0    0     
0    0    0    1    1    1     
1    1    1    0    0    0     
1    0    0    1    1    0     
1    1    1    0    0    0     
0    0    0    1    1    1     
1    1    1    1    0    1     
1    0    0    1    1    0     
1    1    1    0    0    0     
1    0    0    1    1    1     
1    1    1    1    1    0     
1    1    0    1    1    0     
1    0    1    0    1    0     
0    1    1    1    1    1     
1    0    1    0    1    0     
1    0    1    1    1    0     
1    0    0    0    1    0     
0    1    1    0    0    1     
1    0    1    1    1    0     
1    0    0    0    1    0     
0    0    1    0    0    0     
1    1    0    0    1    1     
1    0    1    1    1    0     
1    0    1    0    1    0     
1    0    1    0    1    1     
1    1    1    1    1    0     
1    0    1    0    1    0     
1    0    1    0    1    0     
1    0    1    0    1    1     
1    1    1    1    1    0     
1    0    1    0    1    0     
1    0    1    0    1    0     
1    0    1    0    1    1     
1    1    1    1    1    0     
1    0    1    0    1    0     
1    0    1    0    1    0     
1    0    1    0    1    1     
1    0    1    1    1    0     
1    1    1    0    1    0     
1    0    1    0    1    0     
1    0    1    0    1    1     
1    0    1    1    0    0     
1    0    1    0    1    0     
1    1    1    1    1    0     
1    0    1    0    1    0     
1    0    1    0    1    1     
1    0    1    0    1    0     
1    0    1    1    1    0     
1    1    1    0    1    0     
1    0    1    0    1    0     
1    0    1    0    1    1     
1    0    1    0    1    0     
1    0    1    1    1    0     
1    1    1    0    1    0     
1    0    1    0    1    0     
1    0    1    0    1    1     
1    0    1    0    1    0     
1    0    1    1    0    0     
1    1    1    0    1    0     
1    0    1    0    1    0     
1    0    1    0    0    1     
1    0    1    0    1    0     
1    0    1    1    0    0     
1    1    1    0    1    0     
1    0    1    0    1    0     
1    0    1    0    1    1     
1    0    1    1    1    0     
1    0    1    0    1    0     
1    1    0    0    0    0     
0    0    1    0    1    0     
1    0    0    0    0    1     
0    0    1    1    1    0     
1    0    0    1    1    0     
1    1    1    0    1    0     
1    0    1    0    1    1     
____________________________________
Mon Jun  3 14:50:22 2024


PARAMETERS
NUMBER_NEURON = 6
ODOM_TEST = 2
VOLTAGE_TRESHOLD = 2
LEARNING_RATE = 0.1
LEAK_RATE_TEST = 1.5
TIME_ITERATION = 120
ITERATION_SPIKE_IN = 400
RANDOM_SEED_TEST_SNN = 40
RANDOM_SEED_TEST_GYRO = 3
RANDOM_SEED_TEST_IN = 10
THRESHOLD_COORDINATES = 0.043
THRESHOLD_GYROSCOPE = 0.03  0.03  1.9   
0    0    0    0    0    0     
0    0    0    0    0    0     
0    0    0    0    0    0     
0    0    0    0    0    0     
1    1    1    1    1    1     
1    1    1    1    1    0     
1    1    0    1    1    1     
1    1    1    1    1    0     
0    1    0    1    1    1     
1    0    1    0    1    0     
0    1    0    1    0    0     
1    0    1    0    1    1     
1    1    0    1    0    0     
1    1    1    1    1    0     
1    1    0    1    1    1     
1    1    1    0    1    0     
0    0    0    1    0    0     
1    1    0    0    0    0     
0    0    1    1    1    1     
1    1    0    0    0    0     
0    0    1    1    1    0     
1    1    0    0    0    0     
0    0    0    1    1    0     
1    1    1    1    0    1     
1    1    0    1    1    0     
1    0    1    0    0    0     
0    1    0    1    0    0     
1    0    0    0    1    0     
0    1    1    1    0    1     
1    0    0    1    1    0     
1    1    1    0    0    0     
0    0    0    1    1    0     
1    1    1    0    0    0     
1    0    0    1    1    1     
1    1    1    0    1    0     
1    0    0    1    0    0     
0    1    0    0    1    0     
1    0    1    1    0    0     
0    1    0    1    1    1     
1    0    1    0    0    0     
0    1    0    1    1    0     
1    0    1    0    0    0     
0    1    0    1    1    0     
1    0    1    0    1    1     
1    1    0    1    0    0     
1    0    1    0    1    0     
0    1    0    1    0    0     
1    0    1    0    1    0     
0    1    0    1    0    1     
1    0    1    1    1    0     
1    1    1    1    0    0     
1    1    1    1    1    1     
1    1    1    1    0    0     
0    1    0    0    1    1     
1    0    1    1    0    0     
0    1    0    0    1    1     
1    0    1    1    0    0     
1    1    0    0    1    1     
1    0    1    1    1    0     
0    1    0    1    0    1     
1    0    1    0    1    1     
1    1    0    1    0    1     
0    1    1    1    1    1     
1    1    0    1    0    0     
0    0    0    0    0    1     
1    1    1    1    1    0     
1    1    0    1    0    1     
0    0    1    1    0    0     
0    1    0    0    1    1     
1    0    1    1    0    0     
0    1    0    1    0    1     
1    0    1    0    1    0     
0    1    0    1    0    1     
1    0    1    0    0    0     
0    1    0    1    1    1     
1    1    1    1    0    0     
0    1    0    1    0    1     
1    0    1    1    1    0     
0    1    0    1    0    1     
1    0    1    1    0    1     
0    1    0    1    0    1     
1    0    1    1    1    1     
1    1    0    1    0    1     
0    1    1    1    0    1     
1    1    0    1    1    1     
1    1    1    1    0    1     
0    1    0    1    0    1     
1    1    1    1    1    1     
1    1    0    1    0    1     
0    1    0    1    0    1     
1    1    1    1    0    0     
0    1    0    1    1    1     
1    1    0    1    0    1     
0    0    0    0    0    1     
0    1    1    1    0    0     
0    1    0    1    0    1     
1    0    0    1    1    1     
0    1    1    0    0    1     
1    0    0    1    0    1     
0    1    0    0    0    1     
0    0    0    1    1    0     
1    1    1    0    1    1     
0    1    0    1    0    1     
0    0    0    0    0    1     
1    1    0    1    0    0     
0    1    0    0    1    1     
0    0    1    1    0    1     
1    1    1    1    0    1     
0    1    0    1    0    1     
0    0    0    0    1    1     
1    1    0    1    0    0     
0    1    1    0    0    1     
0    0    0    1    0    1     
1    1    0    0    1    0     
0    1    0    1    0    1     
0    0    1    1    0    1     
1    1    0    1    0    1     
0    1    0    1    1    1     
0    1    0    1    0    1     
0    0    1    1    0    1     
____________________________________
Mon Jun  3 15:10:24 2024


PARAMETERS
NUMBER_NEURON = 6
ODOM_TEST = 2
VOLTAGE_TRESHOLD = 2
LEARNING_RATE = 0.1
LEAK_RATE_TEST = 1.5
TIME_ITERATION = 120
ITERATION_SPIKE_IN = 400
RANDOM_SEED_TEST_SNN = 40
RANDOM_SEED_TEST_GYRO = 3
RANDOM_SEED_TEST_IN = 10
THRESHOLD_COORDINATES = 0.043
THRESHOLD_GYROSCOPE = 0.03  0.03  1.9   
0    0    0    0    0    0     
0    0    0    0    0    0     
0    0    0    0    0    0     
0    0    0    0    0    0     
1    1    1    1    1    1     
1    1    1    1    1    0     
1    1    0    1    1    1     
1    1    1    1    1    0     
0    1    0    1    1    1     
1    0    1    0    1    0     
0    1    0    1    0    0     
1    0    1    0    1    1     
1    1    0    1    0    0     
1    1    1    1    1    0     
1    1    0    1    1    1     
1    1    1    0    1    0     
0    0    0    1    0    0     
1    1    0    0    0    0     
0    0    1    1    1    1     
1    1    0    0    0    0     
0    0    1    1    1    0     
1    1    0    0    0    0     
0    0    0    1    1    0     
1    1    1    1    0    1     
1    1    0    1    1    0     
1    0    1    0    0    0     
0    1    0    1    0    0     
1    0    0    0    1    0     
0    1    1    1    0    1     
1    0    0    1    1    0     
1    1    1    0    0    0     
0    0    0    1    1    0     
1    1    1    0    0    0     
1    0    0    1    1    1     
1    1    1    0    1    0     
0    0    0    1    0    0     
1    0    0    0    0    0     
0    1    0    1    1    0     
1    0    1    0    0    1     
0    1    1    1    1    1     
1    0    0    1    0    0     
0    1    0    0    1    0     
1    0    1    1    0    1     
1    1    0    1    1    0     
1    0    1    1    0    0     
0    1    0    1    1    1     
1    0    1    1    0    0     
0    0    0    1    1    0     
1    1    1    0    0    1     
1    0    0    1    1    0     
1    0    1    1    0    0     
0    0    0    1    0    0     
1    0    1    0    1    0     
0    1    0    1    0    1     
1    0    1    1    1    0     
1    1    1    1    0    1     
1    0    1    1    1    0     
0    1    1    1    0    1     
1    0    1    1    1    0     
0    1    0    1    0    0     
1    0    1    0    1    1     
0    1    0    1    0    0     
1    0    1    0    1    0     
0    1    0    1    0    1     
1    0    1    0    1    0     
0    1    0    1    0    1     
1    0    1    0    1    0     
0    1    0    1    0    1     
1    0    1    0    1    0     
0    1    0    1    0    1     
1    0    1    0    1    0     
0    1    0    1    0    1     
1    0    1    0    1    0     
0    1    0    1    0    1     
1    0    1    0    1    0     
0    1    0    1    0    1     
1    0    1    0    1    0     
0    1    0    1    0    1     
1    0    1    0    1    0     
0    1    0    1    0    1     
1    0    1    0    1    0     
0    1    0    1    0    1     
1    0    1    0    1    0     
0    1    0    1    0    1     
1    0    1    0    1    0     
0    1    0    1    0    1     
1    0    1    0    1    0     
0    1    0    1    0    1     
1    0    1    0    1    0     
0    1    0    1    0    1     
1    0    1    0    1    0     
0    1    0    1    0    1     
1    0    1    0    1    0     
0    1    0    1    0    1     
1    0    1    0    1    0     
0    1    0    1    0    1     
1    0    1    0    1    0     
0    1    0    1    0    1     
1    0    1    0    1    0     
0    1    0    1    0    1     
1    0    1    0    1    0     
0    1    0    1    0    1     
1    0    1    0    1    0     
0    1    0    1    0    1     
1    0    1    0    1    0     
0    1    0    1    0    1     
1    0    1    0    1    0     
0    1    0    1    0    1     
1    0    1    0    1    0     
0    1    0    1    0    1     
1    0    1    0    1    0     
0    1    0    1    0    1     
1    0    1    0    1    0     
0    1    0    1    0    1     
1    0    1    0    1    0     
0    1    0    1    0    1     
1    0    1    0    1    0     
0    1    0    1    0    1     
1    0    1    0    1    0     
0    1    0    1    0    1     
____________________________________
Mon Jun  3 15:34:26 2024


PARAMETERS
NUMBER_NEURON = 6
ODOM_TEST = 2
VOLTAGE_TRESHOLD = 2
LEARNING_RATE = 0.1
LEAK_RATE_TEST = 1.5
TIME_ITERATION = 120
ITERATION_SPIKE_IN = 400
RANDOM_SEED_TEST_SNN = 40
RANDOM_SEED_TEST_GYRO = 3
RANDOM_SEED_TEST_IN = 10
THRESHOLD_COORDINATES = 0.043
THRESHOLD_GYROSCOPE = 0.03  0.03  1.9   
0    0    0    0    0    0     
0    0    0    0    0    0     
0    0    0    0    0    0     
0    0    0    0    0    0     
1    1    1    1    1    1     
1    1    1    1    1    0     
1    1    0    1    1    1     
1    1    1    1    1    0     
0    1    0    1    1    1     
1    0    1    0    1    0     
0    1    0    1    0    0     
1    0    1    0    1    1     
1    1    0    1    0    0     
1    1    1    1    1    0     
1    1    0    1    1    1     
1    1    1    0    1    0     
0    0    0    1    0    0     
1    1    0    0    0    0     
0    0    1    1    1    1     
1    1    0    0    0    0     
0    0    1    1    1    0     
1    1    0    0    0    0     
0    0    0    1    1    0     
1    1    1    1    0    1     
1    1    0    1    1    0     
1    0    1    0    0    0     
0    1    0    1    0    0     
1    0    0    0    1    0     
0    1    1    1    0    1     
1    0    0    1    1    0     
1    1    1    0    0    0     
0    0    0    1    1    0     
1    1    1    0    0    0     
1    0    0    1    1    1     
1    1    1    0    1    0     
1    0    0    1    0    0     
0    1    0    0    1    0     
1    0    1    1    0    0     
0    1    0    1    1    1     
1    0    1    0    0    0     
0    1    0    1    1    0     
1    0    1    0    0    0     
0    1    0    1    1    0     
1    0    1    0    1    1     
1    1    0    1    0    0     
1    1    1    0    1    0     
1    0    0    1    0    0     
0    1    1    0    0    0     
1    0    0    1    1    1     
1    1    1    1    0    0     
0    1    0    1    1    0     
1    0    1    0    0    0     
0    1    0    1    0    0     
1    0    1    0    1    1     
1    1    0    1    0    0     
0    1    1    1    0    0     
1    1    0    1    1    0     
1    1    1    1    0    0     
0    1    0    1    0    1     
1    0    1    1    1    0     
1    1    0    1    0    1     
1    1    1    1    1    0     
1    1    0    1    0    1     
0    1    1    0    1    0     
1    0    1    1    0    1     
0    1    0    1    1    0     
1    0    1    0    0    1     
0    1    0    1    1    0     
1    0    1    0    0    1     
1    1    1    1    1    1     
1    1    1    1    0    1     
1    1    0    1    1    0     
0    0    1    0    0    1     
1    1    0    1    0    0     
0    0    1    0    1    1     
1    1    0    1    0    0     
0    1    1    0    1    1     
1    0    1    1    0    0     
0    1    0    0    0    1     
1    0    1    1    1    0     
0    1    0    0    0    1     
1    0    1    1    0    0     
0    1    0    0    0    1     
1    0    1    1    1    0     
0    1    0    0    0    1     
1    0    1    1    0    0     
0    1    0    0    0    1     
1    0    1    1    1    0     
0    1    0    0    0    1     
1    0    1    1    0    0     
0    1    0    0    0    1     
1    0    1    1    0    0     
0    1    0    1    1    1     
1    0    1    0    0    0     
0    1    0    1    0    1     
1    0    1    0    0    0     
0    1    0    1    0    0     
0    0    1    0    1    1     
1    1    0    1    0    0     
0    1    1    1    0    1     
1    1    0    1    0    0     
0    0    1    0    1    1     
1    1    0    1    0    0     
0    0    1    0    0    1     
1    1    0    1    0    1     
0    0    1    0    1    0     
1    1    0    1    0    1     
0    0    1    0    0    0     
0    1    0    0    0    0     
1    0    1    1    1    0     
0    1    1    0    0    1     
1    0    0    1    0    0     
0    1    1    0    0    1     
1    0    0    1    0    0     
1    1    1    1    1    1     
0    1    1    0    0    0     
1    0    0    0    0    1     
0    1    1    1    0    0     
1    1    0    0    0    1     
0    1    1    1    1    1     
____________________________________
Mon Jun  3 15:53:21 2024


PARAMETERS
NUMBER_NEURON = 6
ODOM_TEST = 1.5
VOLTAGE_TRESHOLD = 2
LEARNING_RATE = 0.1
LEAK_RATE_TEST = 1.5
TIME_ITERATION = 120
ITERATION_SPIKE_IN = 400
RANDOM_SEED_TEST_SNN = 43
RANDOM_SEED_TEST_GYRO = 7
RANDOM_SEED_TEST_IN = 10
THRESHOLD_COORDINATES = 0.043
THRESHOLD_GYROSCOPE = 0.03  0.03  1.9   
____________________________________
Mon Jun  3 15:53:21 2024


PARAMETERS
NUMBER_NEURON = 6
ODOM_TEST = 1.5
VOLTAGE_TRESHOLD = 2
LEARNING_RATE = 0.1
LEAK_RATE_TEST = 1.5
TIME_ITERATION = 120
ITERATION_SPIKE_IN = 400
RANDOM_SEED_TEST_SNN = 43
RANDOM_SEED_TEST_GYRO = 7
RANDOM_SEED_TEST_IN = 10
THRESHOLD_COORDINATES = 0.043
THRESHOLD_GYROSCOPE = 0.03  0.03  1.9   
0    0    0    0    0    0     
0    0    0    0    0    0     
0    0    0    0    0    0     
0    0    0    0    0    0     
1    1    1    1    1    1     
1    1    1    1    1    1     
1    1    1    1    1    1     
1    1    1    1    1    0     
0    1    1    0    1    1     
1    1    0    1    0    0     
0    0    1    0    1    1     
1    1    0    1    0    0     
0    0    1    0    1    1     
1    1    1    1    0    1     
1    1    0    1    1    1     
1    1    1    1    1    1     
1    1    0    1    1    0     
0    0    1    0    0    1     
1    1    0    1    1    0     
0    0    1    0    0    1     
0    1    0    1    1    0     
1    0    0    0    0    1     
0    1    1    1    1    0     
1    0    0    0    0    1     
0    1    1    1    1    0     
1    1    0    0    0    1     
0    0    1    1    1    1     
1    1    0    0    0    1     
0    0    1    1    1    1     
1    1    0    0    0    1     
1    0    1    1    0    0     
1    1    0    0    1    1     
1    1    1    1    0    1     
1    1    0    0    0    1     
1    1    1    1    1    0     
1    1    0    0    0    1     
1    1    1    1    0    0     
1    1    0    0    1    1     
1    1    1    1    0    1     
1    1    0    0    0    1     
1    1    1    1    1    0     
1    1    0    0    0    1     
1    1    1    0    0    1     
1    1    0    1    0    1     
1    1    0    0    1    1     
1    0    1    0    0    1     
1    1    0    0    0    0     
0    0    1    1    0    1     
1    1    0    0    1    1     
1    0    1    0    0    1     
1    1    0    1    0    1     
0    0    1    0    0    1     
1    1    0    0    1    0     
0    0    1    1    0    1     
1    1    0    0    0    1     
1    0    1    0    1    1     
1    1    0    1    0    1     
0    0    1    0    0    1     
1    1    0    0    0    0     
0    0    0    1    1    1     
1    1    1    0    0    1     
0    0    0    1    0    1     
1    1    0    0    1    0     
0    0    1    0    0    1     
1    1    0    1    0    0     
1    0    1    0    1    1     
1    1    1    1    0    1     
1    0    0    0    0    1     
0    0    1    1    1    0     
1    1    0    0    0    1     
0    0    1    1    1    1     
1    1    0    0    0    1     
0    0    1    1    0    1     
1    1    0    1    1    1     
1    1    1    0    0    1     
0    0    0    1    0    1     
1    1    0    0    0    0     
0    0    0    1    0    1     
0    1    1    0    1    0     
1    1    0    1    0    1     
0    0    1    0    0    1     
0    1    0    1    0    0     
1    0    0    0    1    1     
0    1    1    1    0    1     
1    0    0    0    0    1     
0    1    0    1    0    0     
1    0    1    0    1    1     
0    1    0    1    0    1     
1    1    1    0    0    1     
0    0    0    1    0    1     
0    1    0    0    0    0     
0    0    0    0    1    1     
1    1    1    1    0    0     
0    0    0    0    0    1     
0    1    0    1    0    0     
1    0    0    0    0    1     
0    1    1    1    1    0     
1    1    0    0    0    1     
0    0    0    1    0    1     
1    1    0    0    0    0     
0    0    1    0    0    1     
1    1    0    1    1    0     
1    1    0    0    0    1     
0    0    1    1    0    1     
1    1    0    0    0    1     
0    0    0    1    0    1     
1    1    0    0    1    0     
1    1    1    1    0    1     
1    1    0    0    0    1     
0    0    0    0    0    1     
1    1    0    1    1    0     
1    1    1    0    0    1     
0    0    0    1    0    1     
1    1    0    0    0    0     
0    0    0    0    0    1     
0    0    1    0    1    0     
1    1    1    1    0    1     
0    1    0    0    0    1     
1    0    0    0    0    0     
0    0    0    1    0    1     
____________________________________
Mon Jun  3 16:13:18 2024


PARAMETERS
NUMBER_NEURON = 6
ODOM_TEST = 1.5
VOLTAGE_TRESHOLD = 2
LEARNING_RATE = 0.1
LEAK_RATE_TEST = 1.5
TIME_ITERATION = 120
ITERATION_SPIKE_IN = 400
RANDOM_SEED_TEST_SNN = 43
RANDOM_SEED_TEST_GYRO = 7
RANDOM_SEED_TEST_IN = 10
THRESHOLD_COORDINATES = 0.043
THRESHOLD_GYROSCOPE = 0.03  0.03  1.9   
0    0    0    0    0    0     
0    0    0    0    0    0     
0    0    0    0    0    0     
0    0    0    0    0    0     
1    1    1    1    1    1     
1    1    1    1    1    1     
1    1    1    1    1    1     
1    1    1    1    1    0     
0    1    1    0    1    1     
1    1    0    1    0    0     
0    0    1    0    1    1     
1    1    0    1    0    0     
0    0    1    0    1    1     
1    1    1    1    0    1     
1    1    0    1    1    1     
1    1    1    1    1    1     
1    1    0    1    1    0     
0    0    1    0    0    1     
1    1    0    1    1    0     
0    0    1    0    0    1     
0    1    0    1    1    0     
1    0    0    0    0    1     
0    1    1    1    1    0     
1    0    0    0    0    1     
0    1    1    1    1    0     
1    1    0    0    0    1     
0    0    1    1    1    1     
1    1    0    0    0    1     
0    0    1    1    1    1     
1    1    0    0    0    1     
0    0    1    1    0    0     
1    1    0    0    1    1     
1    1    1    1    0    1     
1    1    0    0    1    1     
0    1    1    1    0    1     
1    1    0    0    0    0     
0    0    1    1    0    1     
1    1    0    0    1    0     
0    0    1    1    0    1     
1    1    0    1    1    0     
0    0    1    1    0    1     
1    1    0    0    1    0     
0    0    1    1    0    1     
1    1    0    0    1    0     
0    0    1    1    1    1     
1    1    0    0    0    1     
1    0    1    1    1    1     
1    1    0    0    0    1     
0    0    1    1    0    1     
1    1    0    0    1    1     
1    1    1    1    0    1     
0    1    0    0    0    1     
1    0    0    1    0    0     
0    1    1    0    1    1     
1    1    0    1    0    1     
0    1    1    0    0    1     
1    1    0    1    0    0     
0    0    1    0    1    1     
1    1    0    1    0    0     
0    0    1    1    1    1     
1    1    0    0    0    1     
0    0    1    1    0    0     
1    1    0    0    1    1     
1    1    1    1    0    1     
1    1    1    1    0    1     
1    1    0    1    1    1     
1    1    1    0    0    1     
0    1    0    1    0    0     
1    0    1    0    1    1     
1    1    0    1    0    1     
0    0    1    0    0    0     
1    1    0    1    1    1     
0    1    1    0    0    0     
1    0    0    1    0    1     
0    1    1    0    1    0     
1    1    0    1    0    1     
0    1    1    0    0    0     
0    0    0    1    1    0     
1    1    1    0    0    1     
0    0    1    1    0    0     
0    1    0    0    1    0     
1    0    1    0    0    1     
0    1    1    1    0    0     
0    0    0    0    1    1     
1    1    1    1    0    1     
0    1    1    0    1    0     
0    0    0    1    0    1     
0    1    1    0    1    0     
1    0    0    1    0    1     
1    1    1    1    1    1     
0    1    1    0    0    1     
0    1    1    1    1    0     
1    0    0    0    0    1     
0    1    1    0    0    0     
1    0    0    1    1    1     
0    1    1    0    0    0     
1    0    0    1    0    1     
0    1    1    0    1    0     
1    0    0    1    0    1     
0    1    1    0    1    0     
1    0    0    1    0    1     
0    1    1    0    1    0     
1    0    1    1    1    1     
0    1    1    0    0    0     
1    0    0    1    0    1     
0    1    1    0    1    0     
1    1    1    1    0    1     
0    1    1    0    1    1     
1    1    1    1    0    0     
0    0    1    0    0    1     
1    1    0    1    1    0     
0    1    1    0    0    1     
1    0    0    1    0    0     
0    1    1    0    1    1     
1    1    1    1    0    0     
1    0    1    0    1    1     
0    1    1    1    0    0     
1    0    0    1    0    0     
0    1    1    0    0    1     
1    1    1    1    1    0     
____________________________________
Mon Jun  3 16:30:36 2024


PARAMETERS
NUMBER_NEURON = 6
ODOM_TEST = 1.5
VOLTAGE_TRESHOLD = 2
LEARNING_RATE = 0.1
LEAK_RATE_TEST = 1.5
TIME_ITERATION = 120
ITERATION_SPIKE_IN = 400
RANDOM_SEED_TEST_SNN = 43
RANDOM_SEED_TEST_GYRO = 7
RANDOM_SEED_TEST_IN = 10
THRESHOLD_COORDINATES = 0.043
THRESHOLD_GYROSCOPE = 0.03  0.03  1.9   
0    0    0    0    0    0     
0    0    0    0    0    0     
0    0    0    0    0    0     
0    0    0    0    0    0     
1    1    1    1    1    1     
1    1    1    1    1    1     
1    1    1    1    1    1     
1    1    1    1    1    0     
0    1    1    0    1    1     
1    1    0    1    0    0     
0    0    1    0    1    1     
1    1    0    1    0    0     
0    0    1    0    1    1     
1    1    1    1    0    1     
1    1    0    1    1    1     
1    1    1    1    1    1     
1    1    0    1    1    0     
0    0    1    0    0    1     
1    1    0    1    1    0     
0    0    1    0    0    1     
0    1    0    1    1    0     
1    0    0    0    0    1     
0    1    1    1    1    0     
1    0    0    0    0    1     
0    1    1    1    1    0     
1    1    0    0    0    1     
0    0    1    1    1    1     
1    1    0    0    0    1     
0    0    1    1    1    1     
1    1    0    0    0    1     
1    0    1    1    0    0     
1    1    0    0    1    1     
1    1    1    1    0    0     
1    0    0    0    0    1     
0    1    1    1    1    0     
1    1    0    0    0    1     
1    0    1    1    0    0     
1    1    0    0    1    1     
1    1    1    1    0    0     
1    0    0    0    0    1     
0    1    1    0    0    0     
1    0    0    1    1    1     
1    1    1    0    0    1     
1    0    0    0    0    0     
0    0    1    1    0    1     
1    1    0    0    1    1     
1    0    1    1    0    1     
1    1    0    0    0    0     
0    0    1    0    0    1     
1    1    0    1    1    0     
1    0    1    0    0    1     
1    1    0    0    0    0     
0    0    1    0    0    1     
1    1    0    1    0    0     
1    0    1    0    1    1     
1    1    0    0    0    0     
0    0    1    1    0    1     
1    1    0    0    0    0     
0    0    1    0    0    1     
1    1    0    1    1    1     
1    1    1    0    0    1     
1    0    0    0    0    0     
0    0    1    1    0    0     
1    1    0    0    0    1     
1    0    1    0    1    0     
1    1    0    1    0    1     
1    0    1    0    1    1     
1    1    0    0    0    0     
0    0    1    0    1    0     
1    1    0    1    0    1     
1    0    1    0    1    1     
1    1    0    0    0    0     
0    0    1    0    1    1     
1    1    0    1    0    0     
1    0    1    0    1    1     
1    1    0    0    0    0     
0    0    1    1    1    1     
1    1    0    0    0    0     
0    0    0    0    0    1     
1    0    0    0    0    0     
0    1    1    0    1    0     
1    1    0    1    0    1     
1    0    1    0    1    1     
1    1    0    0    0    0     
0    0    0    0    1    1     
1    1    0    0    0    0     
0    0    1    1    1    1     
1    1    0    0    0    0     
0    0    0    0    1    1     
1    1    0    0    0    0     
0    0    0    0    1    1     
1    1    1    1    1    0     
1    1    0    0    0    1     
0    0    0    0    1    0     
1    1    0    0    0    1     
0    0    0    0    1    0     
1    1    1    1    0    1     
1    1    0    0    1    1     
1    1    0    0    1    1     
1    1    0    0    1    1     
0    0    0    0    0    0     
0    0    1    1    0    1     
1    1    0    0    0    0     
0    0    0    0    1    1     
1    1    0    0    0    0     
1    0    0    1    1    1     
0    1    1    0    0    1     
1    0    0    0    0    0     
0    1    0    0    1    0     
0    0    0    0    0    1     
1    1    1    1    0    0     
0    1    0    0    1    1     
1    1    0    0    0    0     
0    0    0    0    0    1     
0    0    0    0    1    0     
1    1    1    1    0    0     
0    1    0    0    0    1     
1    0    0    0    1    0     
0    1    0    0    0    1     
0    0    0    0    1    0     
____________________________________
Mon Jun  3 16:50:07 2024


PARAMETERS
NUMBER_NEURON = 6
ODOM_TEST = 1.5
VOLTAGE_TRESHOLD = 2
LEARNING_RATE = 0.1
LEAK_RATE_TEST = 1.5
TIME_ITERATION = 120
ITERATION_SPIKE_IN = 400
RANDOM_SEED_TEST_SNN = 43
RANDOM_SEED_TEST_GYRO = 7
RANDOM_SEED_TEST_IN = 10
THRESHOLD_COORDINATES = 0.043
THRESHOLD_GYROSCOPE = 0.03  0.03  1.9   
0    0    0    0    0    0     
0    0    0    0    0    0     
0    0    0    0    0    0     
0    0    0    0    0    0     
1    1    1    1    1    1     
1    1    1    1    1    1     
1    1    1    1    1    1     
1    1    1    1    1    0     
0    1    1    0    1    1     
1    1    0    1    0    0     
0    0    1    0    1    1     
1    1    0    1    0    0     
0    0    1    0    1    1     
1    1    1    1    0    1     
1    1    0    1    1    1     
1    1    1    1    1    1     
1    1    0    1    1    0     
0    0    1    0    0    1     
1    1    0    1    1    0     
0    0    1    0    0    1     
0    1    0    1    1    0     
1    0    0    0    0    1     
0    1    1    1    1    0     
1    1    0    0    0    1     
0    0    1    1    1    1     
1    1    0    0    1    0     
0    0    1    1    0    1     
1    1    0    0    1    0     
0    0    1    1    0    1     
1    1    1    0    1    1     
0    1    0    1    0    1     
1    0    1    1    1    1     
1    1    0    1    1    1     
0    1    1    1    1    1     
1    1    0    1    1    1     
0    0    1    1    0    1     
1    1    0    0    1    0     
0    0    1    1    0    1     
1    1    0    0    1    0     
0    1    1    1    1    1     
1    1    0    1    1    1     
0    0    1    1    1    1     
1    1    0    0    1    0     
0    0    1    1    0    1     
1    1    0    0    1    0     
0    0    1    1    0    1     
1    1    1    1    1    0     
0    0    1    1    0    1     
1    1    0    0    1    0     
0    0    1    1    0    1     
1    1    0    0    1    0     
1    0    1    1    0    1     
0    1    0    1    1    0     
1    0    1    0    0    1     
0    1    0    1    1    0     
1    0    1    0    0    1     
0    1    0    1    1    0     
1    0    1    0    0    1     
0    1    0    1    1    0     
1    0    1    0    0    1     
0    1    0    1    1    0     
1    0    1    0    0    1     
0    1    1    1    1    1     
1    1    1    1    1    1     
1    1    1    1    1    1     
0    1    1    1    0    1     
1    0    1    0    1    0     
0    1    0    1    0    1     
1    0    1    0    1    0     
0    1    0    1    0    1     
1    0    1    0    1    0     
0    1    0    1    0    1     
1    0    1    0    1    0     
0    1    0    1    0    1     
1    0    1    0    1    0     
0    1    0    1    0    1     
1    0    1    0    1    0     
0    1    0    1    0    1     
1    0    1    0    1    0     
0    1    0    1    0    1     
1    0    1    0    1    0     
0    1    0    1    0    1     
1    0    1    0    1    0     
0    1    0    1    0    1     
1    0    1    0    1    0     
0    1    0    1    0    1     
1    0    1    0    1    0     
0    1    0    1    0    1     
1    0    1    0    1    0     
0    1    0    1    0    1     
1    0    1    0    1    0     
0    1    0    1    0    1     
1    0    1    0    1    0     
0    1    0    1    0    1     
1    0    1    0    1    0     
0    1    0    1    0    1     
1    0    1    0    1    0     
0    1    0    1    0    1     
1    0    1    0    1    0     
0    1    0    1    0    1     
1    0    1    0    1    0     
0    1    0    1    0    1     
1    0    1    0    1    0     
0    1    0    1    0    1     
1    0    1    0    1    0     
0    1    0    1    0    1     
1    0    1    0    1    0     
0    1    0    1    0    1     
1    0    1    0    1    0     
0    1    0    1    0    1     
1    0    1    0    1    0     
0    1    0    1    0    1     
1    0    1    0    1    0     
0    1    0    1    0    1     
1    0    1    0    1    0     
0    1    0    1    0    1     
1    0    1    0    1    0     
0    1    0    1    0    1     
1    0    1    0    1    0     
0    1    0    1    0    1     
____________________________________
Mon Jun  3 17:12:48 2024


PARAMETERS
NUMBER_NEURON = 6
ODOM_TEST = 1.7
VOLTAGE_TRESHOLD = 2
LEARNING_RATE = 0.1
LEAK_RATE_TEST = 1.5
TIME_ITERATION = 120
ITERATION_SPIKE_IN = 400
RANDOM_SEED_TEST_SNN = 27
RANDOM_SEED_TEST_GYRO = 31
RANDOM_SEED_TEST_IN = 10
THRESHOLD_COORDINATES = 0.043
THRESHOLD_GYROSCOPE = 0.03  0.03  1.9   
____________________________________
Mon Jun  3 17:12:48 2024


PARAMETERS
NUMBER_NEURON = 6
ODOM_TEST = 1.7
VOLTAGE_TRESHOLD = 2
LEARNING_RATE = 0.1
LEAK_RATE_TEST = 1.5
TIME_ITERATION = 120
ITERATION_SPIKE_IN = 400
RANDOM_SEED_TEST_SNN = 27
RANDOM_SEED_TEST_GYRO = 31
RANDOM_SEED_TEST_IN = 10
THRESHOLD_COORDINATES = 0.043
THRESHOLD_GYROSCOPE = 0.03  0.03  1.9   
0    0    0    0    0    0     
0    0    0    0    0    0     
0    0    0    0    0    0     
0    0    0    0    0    0     
1    1    1    1    1    1     
1    1    1    1    1    1     
0    1    1    1    1    1     
1    0    0    1    1    1     
0    1    1    1    1    0     
1    0    0    0    0    1     
0    1    1    1    1    0     
1    0    0    0    0    1     
0    1    1    1    1    0     
1    0    0    0    0    1     
0    1    1    1    1    0     
1    0    0    0    0    1     
0    1    0    1    1    0     
1    0    1    1    0    1     
0    1    0    0    1    0     
1    0    1    1    0    1     
0    1    0    0    1    0     
1    0    0    1    0    1     
0    1    1    0    1    0     
1    0    0    1    0    1     
1    1    1    0    1    0     
1    1    0    1    0    1     
0    1    0    1    1    1     
1    0    1    1    0    1     
0    1    0    0    1    0     
1    0    0    1    0    1     
0    1    1    0    1    0     
1    0    0    1    0    1     
1    1    1    0    1    1     
1    1    0    1    0    1     
0    1    1    0    1    0     
1    0    0    1    0    1     
0    1    1    0    1    0     
1    0    0    1    0    1     
0    1    1    1    1    0     
1    0    0    1    1    1     
0    1    1    1    1    0     
1    0    0    0    0    1     
0    1    1    1    1    0     
1    0    0    0    0    1     
0    1    1    1    1    0     
1    0    0    0    0    1     
0    1    1    1    1    0     
1    0    0    0    0    1     
0    1    1    1    1    0     
1    0    0    0    0    1     
0    1    1    1    1    0     
1    0    0    0    0    1     
0    1    1    1    1    0     
1    0    0    0    0    1     
0    1    1    1    1    0     
1    0    0    0    0    1     
0    1    1    1    1    0     
1    0    0    0    0    1     
0    0    1    1    1    0     
1    1    0    0    0    1     
0    0    1    1    1    0     
1    1    0    0    0    1     
0    0    1    1    1    0     
1    1    0    0    0    1     
0    0    1    1    1    0     
1    1    0    0    0    1     
0    0    1    1    1    0     
1    1    0    0    0    1     
0    0    1    1    1    0     
1    1    0    1    1    1     
1    0    1    1    1    1     
1    1    1    1    1    1     
1    0    1    1    1    1     
1    1    1    1    1    1     
1    0    1    1    1    1     
1    1    0    0    1    0     
1    0    1    1    1    1     
1    1    0    0    1    0     
1    0    1    1    0    1     
1    1    0    0    1    0     
0    0    1    1    0    1     
1    1    0    0    1    0     
0    0    1    1    0    1     
1    1    1    0    1    0     
1    0    0    1    0    1     
0    1    1    0    1    0     
1    0    0    1    0    1     
0    1    1    0    1    0     
1    1    0    1    1    1     
1    0    1    1    1    0     
1    1    0    0    0    1     
0    0    1    1    1    0     
1    1    0    0    0    1     
0    0    1    1    1    0     
1    1    0    0    0    1     
0    0    1    1    1    0     
1    1    0    0    0    1     
0    0    1    1    1    0     
1    1    0    0    0    1     
0    0    1    1    1    0     
1    1    0    0    0    1     
0    0    1    1    1    0     
1    1    0    0    0    1     
0    0    1    1    1    0     
1    1    0    0    0    1     
0    0    1    1    1    0     
1    1    0    0    0    1     
0    0    1    1    1    0     
1    1    0    0    0    1     
0    0    1    1    1    0     
1    1    0    0    0    1     
0    0    1    1    1    0     
1    1    0    0    0    1     
0    0    1    1    1    0     
1    1    0    0    0    1     
0    0    1    1    1    0     
1    1    0    0    0    1     
0    0    1    1    1    0     
1    1    0    0    0    1     
0    0    1    1    1    0     
____________________________________
Mon Jun  3 17:33:37 2024


PARAMETERS
NUMBER_NEURON = 6
ODOM_TEST = 1.7
VOLTAGE_TRESHOLD = 2
LEARNING_RATE = 0.1
LEAK_RATE_TEST = 1.5
TIME_ITERATION = 120
ITERATION_SPIKE_IN = 400
RANDOM_SEED_TEST_SNN = 27
RANDOM_SEED_TEST_GYRO = 31
RANDOM_SEED_TEST_IN = 10
THRESHOLD_COORDINATES = 0.043
THRESHOLD_GYROSCOPE = 0.03  0.03  1.9   
0    0    0    0    0    0     
0    0    0    0    0    0     
0    0    0    0    0    0     
0    0    0    0    0    0     
1    1    1    1    1    1     
1    1    1    1    1    1     
0    1    1    1    1    1     
1    0    0    1    1    1     
0    1    1    1    1    0     
1    0    0    0    0    1     
0    1    1    1    1    0     
1    0    0    0    0    1     
0    1    1    1    1    0     
1    0    0    0    0    1     
0    1    1    1    1    0     
1    0    0    0    0    1     
0    1    0    1    1    0     
1    0    1    1    0    1     
0    1    0    0    1    0     
1    0    1    1    0    1     
0    1    0    0    1    0     
1    0    0    1    0    1     
0    1    1    0    1    0     
1    0    0    1    0    1     
1    1    1    0    1    0     
0    1    0    1    0    1     
1    0    0    1    1    1     
1    1    1    1    0    1     
0    1    0    1    1    1     
1    0    0    1    0    1     
1    1    1    0    1    0     
0    0    0    1    0    1     
1    1    0    0    0    0     
0    0    0    1    1    1     
1    1    1    1    0    1     
1    0    0    1    1    1     
1    1    0    1    0    0     
0    0    0    0    0    1     
1    1    0    1    1    0     
1    1    1    1    0    1     
1    0    0    0    1    1     
0    1    0    1    0    1     
1    0    0    0    1    1     
0    1    0    1    0    1     
1    0    1    0    1    1     
1    1    0    1    0    1     
1    1    0    1    1    0     
0    1    0    0    0    1     
1    0    0    1    0    0     
0    1    1    0    1    1     
1    1    0    1    0    1     
0    0    0    0    1    0     
1    1    0    1    0    1     
0    0    0    0    1    0     
1    1    1    1    0    1     
1    0    0    0    1    1     
0    1    0    1    0    0     
1    0    0    0    1    1     
0    1    0    1    0    0     
1    0    1    0    1    1     
1    1    0    1    1    1     
1    1    0    1    1    1     
0    1    0    1    1    0     
1    0    0    0    0    1     
0    1    1    1    1    0     
1    0    0    0    1    1     
0    1    0    1    0    0     
1    0    0    0    1    1     
0    1    0    1    0    0     
1    0    1    1    1    1     
1    1    0    1    1    1     
0    1    0    0    0    1     
1    0    0    1    1    0     
0    1    0    0    0    1     
1    0    1    1    1    0     
1    1    0    0    1    1     
0    1    0    1    0    1     
1    0    0    0    1    0     
0    1    0    1    0    1     
1    0    1    0    1    0     
0    1    0    1    1    1     
1    1    0    0    0    1     
1    1    0    1    1    0     
1    1    0    0    0    1     
1    1    1    1    0    1     
1    1    0    0    1    1     
1    1    0    1    0    1     
1    1    0    0    1    1     
1    1    0    1    0    1     
1    0    1    0    1    0     
0    1    0    0    0    1     
1    0    0    1    1    0     
1    1    1    0    0    1     
0    0    0    1    1    0     
1    1    0    0    0    1     
0    0    1    1    1    0     
1    1    0    0    1    1     
1    0    1    1    1    1     
0    1    0    0    1    0     
1    0    1    0    0    1     
0    0    0    1    1    0     
1    1    0    0    0    1     
0    0    1    0    1    0     
1    1    0    1    0    1     
1    0    1    0    1    0     
0    1    0    0    1    1     
1    0    1    1    1    1     
1    1    1    0    1    0     
1    0    0    0    1    1     
0    0    1    1    1    0     
1    1    0    0    0    1     
0    0    1    1    1    0     
1    1    0    0    0    1     
0    0    1    1    1    0     
1    1    0    0    0    1     
0    0    1    1    1    0     
1    1    0    0    0    1     
0    0    1    1    1    0     
1    1    0    0    0    1     
0    0    1    1    1    0     
____________________________________
Mon Jun  3 17:54:10 2024


PARAMETERS
NUMBER_NEURON = 6
ODOM_TEST = 1.7
VOLTAGE_TRESHOLD = 2
LEARNING_RATE = 0.1
LEAK_RATE_TEST = 1.5
TIME_ITERATION = 120
ITERATION_SPIKE_IN = 400
RANDOM_SEED_TEST_SNN = 27
RANDOM_SEED_TEST_GYRO = 31
RANDOM_SEED_TEST_IN = 10
THRESHOLD_COORDINATES = 0.043
THRESHOLD_GYROSCOPE = 0.03  0.03  1.9   
0    0    0    0    0    0     
0    0    0    0    0    0     
0    0    0    0    0    0     
0    0    0    0    0    0     
1    1    1    1    1    1     
1    1    1    1    1    1     
0    1    1    1    1    1     
1    0    0    1    1    1     
0    1    1    1    1    0     
1    0    0    0    0    1     
0    1    1    1    1    0     
1    0    0    0    0    1     
0    1    1    1    1    0     
1    0    0    0    0    1     
0    1    1    1    1    0     
1    0    0    0    0    1     
0    1    0    1    1    0     
1    0    1    1    0    1     
0    1    0    0    1    0     
1    0    1    1    0    1     
0    1    0    0    1    0     
1    0    0    1    0    1     
0    1    1    0    1    0     
1    0    0    1    0    1     
1    1    1    0    1    0     
1    1    0    1    0    1     
0    1    0    0    1    0     
1    0    1    1    0    1     
1    1    0    0    1    0     
0    0    0    1    0    1     
1    1    1    0    1    0     
0    1    0    1    1    1     
1    0    1    1    0    1     
1    1    0    0    1    0     
0    0    0    1    0    1     
1    1    0    0    1    0     
0    0    1    1    0    1     
1    1    1    1    1    0     
0    0    0    0    1    1     
1    1    1    1    0    0     
0    0    0    0    1    1     
1    1    0    1    0    0     
0    0    1    0    1    1     
1    1    0    1    0    1     
0    1    1    0    1    1     
1    0    0    1    0    1     
0    1    0    0    1    0     
1    0    1    1    0    1     
1    1    0    0    1    0     
0    0    0    1    0    1     
1    1    0    0    1    0     
0    0    1    1    0    1     
1    1    0    0    1    1     
0    1    1    1    1    1     
1    0    0    0    1    1     
0    1    0    1    1    0     
1    0    1    0    0    1     
0    1    0    1    1    0     
1    1    1    0    0    1     
0    1    0    1    1    0     
1    0    1    0    0    1     
0    1    0    1    1    0     
1    0    1    0    0    1     
0    1    0    1    1    0     
1    0    1    0    0    1     
0    1    0    1    1    0     
1    0    1    0    1    1     
0    1    0    1    1    1     
1    0    1    0    1    1     
0    1    0    1    1    0     
1    0    1    0    0    1     
0    1    0    1    1    0     
1    0    1    0    0    1     
0    1    0    1    1    0     
1    0    1    0    0    1     
0    1    0    1    1    0     
1    0    1    0    1    1     
0    1    0    1    1    0     
1    0    1    0    0    1     
0    1    0    1    1    0     
1    0    1    0    0    1     
0    1    1    1    1    0     
1    0    1    0    1    1     
0    1    0    1    1    0     
1    0    1    0    0    1     
0    1    0    1    1    0     
1    0    1    0    0    1     
1    1    0    1    1    1     
1    0    1    1    1    1     
1    1    0    1    1    1     
1    0    1    0    1    1     
0    1    0    1    1    0     
1    0    1    0    0    1     
0    1    0    1    1    0     
1    0    1    0    0    1     
1    1    0    1    1    0     
1    0    1    0    0    1     
0    1    0    0    1    0     
1    0    1    1    0    1     
0    1    0    0    1    0     
1    0    1    0    0    1     
0    1    0    0    1    0     
1    0    1    1    0    1     
0    1    0    0    1    0     
1    0    0    0    0    1     
0    1    1    0    0    0     
0    0    0    1    1    1     
1    1    1    0    1    1     
1    1    0    0    0    0     
0    0    0    1    1    1     
1    1    1    0    0    0     
0    1    0    0    1    1     
1    1    0    1    0    0     
0    0    1    0    1    1     
1    1    0    0    0    0     
0    0    1    1    1    1     
1    1    0    0    0    0     
0    0    0    0    1    1     
1    1    0    1    0    0     
0    0    1    0    0    1     
____________________________________
Mon Jun  3 18:13:11 2024


PARAMETERS
NUMBER_NEURON = 6
ODOM_TEST = 1.7
VOLTAGE_TRESHOLD = 2
LEARNING_RATE = 0.1
LEAK_RATE_TEST = 1.5
TIME_ITERATION = 120
ITERATION_SPIKE_IN = 400
RANDOM_SEED_TEST_SNN = 27
RANDOM_SEED_TEST_GYRO = 31
RANDOM_SEED_TEST_IN = 10
THRESHOLD_COORDINATES = 0.043
THRESHOLD_GYROSCOPE = 0.03  0.03  1.9   
0    0    0    0    0    0     
0    0    0    0    0    0     
0    0    0    0    0    0     
0    0    0    0    0    0     
1    1    1    1    1    1     
1    1    1    1    1    1     
0    1    1    1    1    1     
1    0    0    1    1    1     
0    1    1    1    1    0     
1    0    0    0    0    1     
0    1    1    1    1    0     
1    0    0    0    0    1     
0    1    1    1    1    0     
1    0    0    0    0    1     
0    1    1    1    1    0     
1    0    0    0    0    1     
0    1    0    1    1    0     
1    0    1    1    0    1     
0    1    0    0    1    0     
1    0    1    1    0    1     
0    1    0    0    1    0     
1    0    0    1    0    1     
0    1    1    0    1    0     
1    0    0    1    0    1     
1    1    1    0    1    0     
1    1    0    1    0    1     
0    1    0    0    1    0     
1    0    1    1    0    1     
1    1    0    0    1    0     
0    1    0    1    0    1     
1    0    1    0    1    1     
1    1    0    1    1    0     
0    1    1    0    1    1     
1    1    0    1    0    1     
0    1    0    0    1    0     
1    0    1    1    0    1     
1    1    0    0    1    0     
0    1    0    1    0    1     
1    0    0    1    1    1     
0    1    1    1    1    0     
1    1    0    0    1    1     
0    1    0    1    0    0     
1    0    0    0    1    1     
0    1    1    1    0    0     
1    0    0    0    1    1     
1    1    0    1    0    1     
0    1    1    1    1    0     
1    0    0    0    1    1     
0    1    1    1    0    0     
1    0    0    0    1    1     
0    1    0    1    0    0     
1    1    1    0    1    1     
0    1    0    1    0    1     
1    0    0    1    1    0     
0    1    1    0    0    1     
1    1    0    1    1    1     
0    1    1    1    0    1     
1    1    0    0    1    0     
0    1    0    1    0    1     
1    0    1    1    1    0     
0    1    0    1    1    1     
1    1    1    1    0    1     
0    1    0    1    1    1     
1    1    0    1    0    1     
0    0    1    0    1    0     
1    1    0    1    0    1     
0    0    1    0    1    0     
1    1    0    1    0    1     
0    0    1    0    1    0     
0    1    0    1    0    1     
1    0    1    0    1    0     
0    1    0    1    0    1     
1    0    1    0    1    0     
0    1    0    1    0    1     
1    0    1    0    1    0     
0    1    0    1    0    1     
1    0    1    0    1    0     
0    1    0    1    0    1     
1    0    1    0    1    0     
0    1    0    1    0    1     
1    0    1    0    1    0     
0    1    0    1    0    1     
1    0    1    0    1    0     
0    1    0    1    0    1     
1    0    1    0    1    0     
0    1    0    1    0    1     
1    0    1    0    1    0     
0    1    0    1    0    1     
1    0    1    0    1    0     
0    1    0    1    0    1     
1    0    1    0    1    0     
0    1    0    1    0    1     
1    0    1    0    1    0     
0    1    0    1    0    1     
1    0    1    0    1    0     
0    1    0    1    0    1     
1    0    1    0    1    0     
0    1    0    1    0    1     
1    0    1    0    1    0     
0    1    0    1    0    1     
1    0    1    0    1    0     
0    1    0    1    0    1     
1    0    1    0    1    0     
0    1    0    1    0    1     
1    0    1    0    1    0     
0    1    0    1    0    1     
1    0    1    0    1    0     
0    1    0    1    0    1     
1    0    1    0    1    0     
0    1    0    1    0    1     
1    0    1    0    1    0     
0    1    0    1    0    1     
1    0    1    0    1    0     
0    1    0    1    0    1     
1    0    1    0    1    0     
0    1    0    1    0    1     
1    0    1    0    1    0     
0    1    0    1    0    1     
1    0    1    0    1    0     
0    1    0    1    0    1     
____________________________________
Mon Jun  3 18:36:16 2024


PARAMETERS
NUMBER_NEURON = 6
ODOM_TEST = 2
VOLTAGE_TRESHOLD = 2
LEARNING_RATE = 0.1
LEAK_RATE_TEST = 1.5
TIME_ITERATION = 120
ITERATION_SPIKE_IN = 400
RANDOM_SEED_TEST_SNN = 87
RANDOM_SEED_TEST_GYRO = 20
RANDOM_SEED_TEST_IN = 10
THRESHOLD_COORDINATES = 0.043
THRESHOLD_GYROSCOPE = 0.03  0.03  1.9   
____________________________________
Mon Jun  3 18:36:16 2024


PARAMETERS
NUMBER_NEURON = 6
ODOM_TEST = 2
VOLTAGE_TRESHOLD = 2
LEARNING_RATE = 0.1
LEAK_RATE_TEST = 1.5
TIME_ITERATION = 120
ITERATION_SPIKE_IN = 400
RANDOM_SEED_TEST_SNN = 87
RANDOM_SEED_TEST_GYRO = 20
RANDOM_SEED_TEST_IN = 10
THRESHOLD_COORDINATES = 0.043
THRESHOLD_GYROSCOPE = 0.03  0.03  1.9   
0    0    0    0    0    0     
0    0    0    0    0    0     
0    0    0    0    0    0     
0    0    0    0    0    0     
1    1    1    1    1    1     
1    1    1    1    1    1     
1    1    1    0    0    1     
0    0    1    1    1    0     
1    1    1    1    0    1     
0    1    1    0    1    1     
1    0    1    1    0    0     
0    1    1    0    1    1     
1    0    1    1    0    0     
0    1    0    0    0    1     
1    0    1    1    1    0     
0    1    1    1    0    1     
1    0    1    0    0    0     
0    0    0    1    1    1     
1    1    1    1    0    1     
1    0    1    1    1    0     
0    1    1    1    0    1     
1    0    0    0    1    0     
0    0    1    1    0    1     
1    1    0    0    1    0     
0    0    1    1    0    1     
1    1    0    0    1    1     
0    0    1    1    1    1     
1    0    0    1    0    0     
0    1    1    0    1    1     
1    0    1    1    0    0     
0    0    0    0    1    1     
1    0    1    1    0    0     
0    1    0    0    1    1     
1    0    1    1    0    1     
0    0    0    0    1    1     
1    0    1    1    0    0     
0    1    0    0    1    1     
1    0    1    1    0    0     
1    1    0    0    1    1     
1    0    1    1    0    1     
0    0    0    0    1    1     
0    0    1    1    0    0     
1    1    0    0    1    1     
0    0    1    1    1    1     
1    0    0    0    0    0     
0    0    1    1    1    1     
1    1    0    0    0    0     
0    0    1    1    1    1     
1    0    0    0    0    0     
0    0    1    1    1    1     
1    1    0    0    0    0     
0    0    1    1    1    1     
1    1    0    0    0    0     
0    0    1    1    1    1     
1    1    0    0    0    0     
0    0    1    1    1    1     
1    1    0    0    0    0     
0    0    1    1    1    1     
1    1    0    0    0    0     
0    0    1    1    1    1     
1    1    0    0    0    0     
0    0    1    1    1    1     
1    1    0    0    0    0     
0    0    1    1    1    1     
1    1    0    0    0    0     
0    0    1    1    1    1     
1    1    0    0    0    0     
0    0    1    1    1    1     
1    1    0    0    0    0     
0    0    1    1    1    1     
1    1    0    0    0    0     
0    0    1    1    1    1     
1    1    0    0    0    0     
0    0    1    1    1    1     
1    1    0    0    0    0     
0    0    1    1    1    1     
1    1    0    0    0    0     
0    0    1    1    1    1     
1    1    0    0    0    0     
0    0    1    1    1    1     
1    1    0    0    0    0     
0    0    1    1    1    1     
1    1    0    0    0    0     
0    0    1    1    1    1     
1    1    0    0    0    0     
0    0    1    1    1    1     
1    1    0    0    0    0     
0    0    1    1    1    1     
1    1    0    0    0    0     
0    0    1    1    1    1     
1    1    0    0    0    0     
0    0    1    1    1    1     
1    1    0    0    0    0     
0    0    1    1    1    1     
1    1    0    0    0    0     
0    0    1    1    1    1     
1    1    0    0    0    0     
0    0    1    1    1    1     
1    1    0    0    0    0     
0    0    1    1    1    1     
1    1    0    0    0    0     
0    0    1    1    1    1     
1    1    0    0    0    0     
0    0    1    1    1    1     
1    1    0    0    0    0     
0    0    1    1    1    1     
1    1    0    0    0    0     
0    0    1    1    1    1     
1    1    0    0    0    0     
0    0    1    1    1    1     
1    1    0    0    0    0     
0    0    1    1    1    1     
1    1    0    0    0    0     
0    0    1    1    1    1     
1    1    0    0    0    0     
0    0    1    1    1    1     
1    1    0    0    0    0     
0    0    1    1    1    1     
1    1    0    0    0    0     
0    0    1    1    1    1     
____________________________________
Mon Jun  3 18:56:44 2024


PARAMETERS
NUMBER_NEURON = 6
ODOM_TEST = 2
VOLTAGE_TRESHOLD = 2
LEARNING_RATE = 0.1
LEAK_RATE_TEST = 1.5
TIME_ITERATION = 120
ITERATION_SPIKE_IN = 400
RANDOM_SEED_TEST_SNN = 87
RANDOM_SEED_TEST_GYRO = 20
RANDOM_SEED_TEST_IN = 10
THRESHOLD_COORDINATES = 0.043
THRESHOLD_GYROSCOPE = 0.03  0.03  1.9   
0    0    0    0    0    0     
0    0    0    0    0    0     
0    0    0    0    0    0     
0    0    0    0    0    0     
1    1    1    1    1    1     
1    1    1    1    1    1     
1    1    1    0    0    1     
0    0    1    1    1    0     
1    1    1    1    0    1     
0    1    1    1    1    1     
1    0    1    1    1    1     
0    1    1    1    1    1     
1    0    1    1    1    0     
0    1    0    0    1    1     
1    0    1    1    0    0     
0    1    0    0    1    1     
1    0    1    1    0    0     
0    1    1    1    1    1     
1    0    1    1    1    1     
0    1    0    1    1    1     
1    0    1    1    0    0     
0    1    0    0    1    1     
1    0    1    1    0    0     
0    1    0    0    1    1     
1    0    1    1    1    0     
0    1    1    0    1    1     
1    0    1    1    0    0     
0    1    0    0    1    1     
1    0    1    1    0    0     
0    1    0    0    1    1     
1    1    1    1    0    0     
1    1    1    0    1    1     
1    0    1    1    0    0     
0    1    0    0    1    1     
1    0    1    1    0    0     
0    1    0    0    1    1     
1    1    1    1    0    0     
1    1    1    0    1    1     
1    0    1    1    0    0     
0    1    0    0    1    1     
1    0    1    1    0    0     
0    1    0    0    1    1     
1    0    1    1    0    0     
0    1    0    0    1    1     
1    0    1    1    0    0     
0    1    1    1    1    1     
1    1    1    1    0    0     
0    1    1    0    1    1     
1    0    1    1    0    0     
0    1    0    0    1    1     
1    0    1    1    0    0     
0    1    0    0    1    1     
1    1    1    1    0    0     
1    0    1    0    1    1     
1    1    0    1    0    0     
0    0    1    0    1    1     
1    1    0    1    0    0     
0    0    1    0    1    1     
1    1    0    1    0    1     
1    0    1    0    1    1     
1    1    0    1    0    0     
0    0    1    0    0    1     
1    1    0    1    1    0     
0    0    1    1    0    1     
1    1    0    1    0    0     
0    0    1    0    0    1     
1    1    0    1    1    0     
0    0    1    1    0    1     
1    1    0    1    0    0     
0    0    1    0    0    1     
1    1    0    1    1    0     
0    1    1    1    0    1     
1    0    0    0    0    0     
0    0    1    1    0    1     
1    1    0    0    1    0     
0    0    1    1    0    1     
1    1    1    0    1    0     
1    0    1    1    0    1     
1    1    0    0    0    0     
0    0    1    1    1    1     
1    1    0    1    0    0     
0    0    1    0    0    1     
1    1    0    1    0    0     
0    0    1    0    0    1     
1    1    0    1    1    0     
0    0    1    0    0    1     
1    1    0    1    0    0     
0    0    1    0    0    1     
1    1    0    0    0    0     
1    0    1    1    1    1     
0    1    0    0    0    0     
1    0    1    1    0    0     
0    1    0    0    0    1     
1    0    0    0    0    0     
1    0    1    0    1    1     
0    1    0    1    0    0     
1    0    1    0    0    0     
0    1    0    0    0    1     
1    0    0    1    0    0     
0    1    1    1    1    1     
1    0    0    1    0    0     
0    1    1    0    0    1     
1    0    0    0    0    0     
0    0    0    1    0    0     
1    1    1    1    1    1     
1    0    0    1    0    0     
0    1    1    0    0    0     
1    0    0    0    0    1     
0    0    0    1    0    0     
0    1    1    1    1    0     
1    0    0    0    0    1     
0    0    1    1    0    0     
1    1    0    0    0    1     
1    0    1    1    0    0     
1    1    0    0    1    1     
1    0    1    1    0    0     
0    1    0    0    0    1     
1    0    1    1    0    0     
0    1    0    0    0    1     
1    0    1    1    1    1     
____________________________________
Mon Jun  3 19:13:13 2024


PARAMETERS
NUMBER_NEURON = 6
ODOM_TEST = 2
VOLTAGE_TRESHOLD = 2
LEARNING_RATE = 0.1
LEAK_RATE_TEST = 1.5
TIME_ITERATION = 120
ITERATION_SPIKE_IN = 400
RANDOM_SEED_TEST_SNN = 87
RANDOM_SEED_TEST_GYRO = 20
RANDOM_SEED_TEST_IN = 10
THRESHOLD_COORDINATES = 0.043
THRESHOLD_GYROSCOPE = 0.03  0.03  1.9   
0    0    0    0    0    0     
0    0    0    0    0    0     
0    0    0    0    0    0     
0    0    0    0    0    0     
1    1    1    1    1    1     
1    1    1    1    1    1     
1    1    1    0    0    1     
0    0    1    1    1    0     
1    1    1    1    0    1     
0    1    1    1    1    1     
1    0    1    1    1    1     
0    1    1    1    1    1     
1    0    1    1    1    0     
0    1    0    0    1    1     
1    0    1    1    0    0     
0    1    0    0    1    1     
1    0    1    1    0    0     
0    1    1    1    1    1     
1    0    1    1    0    0     
0    1    0    0    1    1     
1    0    1    1    0    0     
0    1    0    0    1    1     
1    0    1    1    1    0     
0    1    1    0    1    1     
1    0    1    1    0    0     
0    1    0    0    1    1     
1    0    1    1    0    0     
0    1    0    0    1    1     
1    0    1    1    0    1     
0    1    0    1    1    1     
1    0    1    1    0    0     
0    1    0    0    1    1     
1    0    1    1    0    0     
0    1    0    0    1    1     
1    0    1    1    1    0     
0    1    1    1    1    1     
1    1    1    1    1    1     
1    0    1    1    1    1     
0    1    0    1    1    0     
1    0    1    1    0    1     
0    1    0    0    1    0     
1    0    0    1    0    0     
0    1    1    0    1    1     
1    0    0    1    0    0     
0    1    0    0    1    1     
1    0    1    1    0    0     
0    1    0    0    1    1     
1    0    1    1    1    1     
0    1    0    1    1    0     
1    0    0    1    0    1     
0    1    1    0    1    0     
1    0    0    1    0    1     
1    1    1    0    1    0     
0    0    0    1    1    1     
1    1    0    1    1    0     
0    0    1    1    1    1     
0    1    0    1    1    0     
1    0    0    1    1    1     
0    1    0    0    1    0     
0    0    1    1    0    0     
0    1    0    0    1    1     
0    0    0    1    0    0     
1    1    1    0    1    1     
0    0    0    1    1    1     
0    1    0    0    0    0     
0    0    0    1    0    0     
0    1    1    0    1    0     
1    1    0    1    0    1     
0    1    0    1    1    0     
0    0    1    1    0    0     
0    1    0    0    1    1     
0    0    0    1    0    0     
1    1    1    0    1    0     
0    0    0    1    1    1     
0    1    0    1    0    0     
0    0    1    0    1    1     
0    1    0    1    1    1     
1    0    0    1    0    0     
0    1    1    0    1    1     
0    0    0    1    0    0     
0    1    0    0    1    1     
1    0    1    1    0    0     
0    1    0    1    1    1     
0    0    1    1    0    0     
0    1    0    0    1    1     
1    0    1    1    0    0     
0    1    0    0    1    1     
0    0    1    1    1    1     
0    1    0    0    1    1     
1    0    0    1    0    0     
0    1    1    0    1    1     
0    0    0    1    0    0     
0    1    0    0    1    1     
1    0    1    1    0    0     
0    1    0    1    1    1     
0    1    1    1    0    0     
1    0    0    1    1    1     
0    1    1    0    0    0     
0    0    0    1    1    1     
0    1    1    0    1    0     
1    0    0    1    0    1     
1    1    1    0    1    0     
0    0    0    1    0    1     
0    1    1    0    1    0     
0    0    0    1    0    1     
1    1    1    0    1    0     
0    0    0    1    0    1     
0    1    1    0    1    0     
0    0    0    1    0    1     
0    1    1    0    1    0     
1    0    1    1    1    1     
0    1    0    0    0    0     
0    0    1    1    1    1     
0    1    0    0    0    0     
0    0    0    1    1    0     
1    1    1    0    0    1     
0    1    0    1    1    0     
0    0    0    1    0    1     
0    1    1    0    0    0     
0    0    0    1    1    1     
____________________________________
Mon Jun  3 19:30:27 2024


PARAMETERS
NUMBER_NEURON = 6
ODOM_TEST = 2
VOLTAGE_TRESHOLD = 2
LEARNING_RATE = 0.1
LEAK_RATE_TEST = 1.5
TIME_ITERATION = 120
ITERATION_SPIKE_IN = 400
RANDOM_SEED_TEST_SNN = 87
RANDOM_SEED_TEST_GYRO = 20
RANDOM_SEED_TEST_IN = 10
THRESHOLD_COORDINATES = 0.043
THRESHOLD_GYROSCOPE = 0.03  0.03  1.9   
0    0    0    0    0    0     
0    0    0    0    0    0     
0    0    0    0    0    0     
0    0    0    0    0    0     
1    1    1    1    1    1     
1    1    1    1    1    1     
1    1    1    0    0    1     
0    0    1    1    1    0     
1    1    1    1    0    1     
0    1    1    1    1    1     
1    0    1    1    1    1     
0    1    1    1    1    1     
1    0    1    1    1    0     
0    1    0    0    0    1     
1    0    1    1    1    0     
0    1    0    0    0    1     
0    0    1    1    1    0     
1    1    0    0    0    1     
0    0    1    1    1    0     
1    1    0    0    0    1     
0    0    1    1    1    0     
1    1    0    0    0    1     
0    0    1    1    1    0     
1    1    0    0    0    1     
0    0    1    1    1    0     
1    1    0    0    0    1     
0    0    1    1    1    0     
1    1    0    0    0    1     
0    0    1    1    1    0     
1    1    0    0    0    1     
0    0    1    1    1    0     
1    1    0    0    0    1     
0    0    1    1    1    0     
1    1    0    0    0    1     
0    0    1    1    1    0     
1    1    0    0    0    1     
0    0    1    1    1    0     
1    1    0    0    0    1     
0    0    1    1    1    0     
1    1    0    0    0    1     
0    0    1    1    1    0     
1    1    0    0    0    1     
0    0    1    1    1    0     
1    1    0    0    0    1     
0    0    1    1    1    0     
1    1    0    0    0    1     
0    0    1    1    1    0     
1    1    0    0    0    1     
0    0    1    1    1    0     
1    1    0    0    0    1     
0    0    1    1    1    0     
1    1    0    0    0    1     
0    0    1    1    1    0     
1    1    0    0    0    1     
0    0    1    1    1    0     
1    1    0    0    0    1     
0    0    1    1    1    0     
1    1    0    0    0    1     
0    0    1    1    1    0     
1    1    0    0    0    1     
0    0    1    1    1    0     
1    1    0    0    0    1     
0    0    1    1    1    0     
1    1    0    0    0    1     
0    0    1    1    1    0     
1    1    0    0    0    1     
0    0    1    1    1    0     
1    1    0    0    0    1     
0    0    1    1    1    0     
1    1    0    0    0    1     
0    0    1    1    1    0     
1    1    0    0    0    1     
1    0    1    1    1    1     
1    1    1    1    1    1     
1    1    1    1    1    1     
1    1    0    1    0    1     
0    0    1    0    1    0     
1    1    0    0    0    1     
0    0    1    1    1    0     
1    1    0    0    0    1     
0    0    1    1    1    0     
1    1    0    0    0    1     
0    0    1    1    1    0     
1    1    0    0    0    1     
0    0    1    1    1    0     
1    1    0    0    0    1     
0    0    1    1    1    0     
1    1    0    0    0    1     
0    0    1    1    1    0     
1    1    0    0    0    1     
0    0    1    1    1    0     
1    1    0    0    0    1     
0    0    1    1    1    0     
1    1    0    0    0    1     
0    0    1    1    1    0     
1    1    0    0    0    1     
0    0    1    1    1    0     
1    1    0    0    0    1     
0    0    1    1    1    0     
1    1    0    0    0    1     
0    0    1    1    1    0     
1    1    0    0    0    1     
0    0    1    1    1    0     
1    1    0    0    0    1     
0    0    1    1    1    0     
1    1    0    0    0    1     
____________________________________
Mon Jun  3 20:05:08 2024


PARAMETERS
NUMBER_NEURON = 6
ODOM_TEST = 2
VOLTAGE_TRESHOLD = 2
LEARNING_RATE = 0.1
LEAK_RATE_TEST = 1.5
TIME_ITERATION = 120
ITERATION_SPIKE_IN = 400
RANDOM_SEED_TEST_SNN = 40
RANDOM_SEED_TEST_GYRO = 3
RANDOM_SEED_TEST_IN = 10
THRESHOLD_COORDINATES = 0.043
THRESHOLD_GYROSCOPE = 0.03  0.03  1.9   
____________________________________
Mon Jun  3 20:05:08 2024


PARAMETERS
NUMBER_NEURON = 6
ODOM_TEST = 2
VOLTAGE_TRESHOLD = 2
LEARNING_RATE = 0.1
LEAK_RATE_TEST = 1.5
TIME_ITERATION = 120
ITERATION_SPIKE_IN = 400
RANDOM_SEED_TEST_SNN = 40
RANDOM_SEED_TEST_GYRO = 3
RANDOM_SEED_TEST_IN = 10
THRESHOLD_COORDINATES = 0.043
THRESHOLD_GYROSCOPE = 0.03  0.03  1.9   
0    0    0    0    0    0     
0    0    0    0    0    0     
0    0    0    0    0    0     
0    0    0    0    0    0     
1    1    1    1    1    1     
1    1    1    1    1    0     
1    1    0    1    1    1     
1    1    1    1    1    0     
0    1    0    1    1    1     
1    0    1    0    1    0     
0    1    0    1    0    0     
1    0    1    0    1    1     
1    1    0    1    0    0     
1    1    1    1    1    0     
1    1    0    1    1    1     
1    1    1    0    1    0     
0    0    0    1    0    0     
1    1    0    0    0    0     
0    0    1    1    1    1     
1    1    0    0    0    0     
0    0    1    1    1    0     
1    1    0    0    0    0     
0    0    0    1    1    0     
1    1    1    1    0    1     
1    1    0    1    1    0     
1    0    1    0    0    0     
0    1    0    1    0    0     
1    0    0    0    1    0     
0    1    1    1    0    1     
1    0    0    1    1    0     
1    1    1    0    0    0     
0    0    0    1    1    0     
1    1    1    0    0    0     
1    0    0    1    1    1     
1    1    1    0    1    0     
1    0    0    1    0    0     
0    1    0    0    1    0     
1    0    1    1    0    0     
0    1    0    1    1    1     
1    0    1    0    1    0     
0    1    0    1    0    0     
1    0    1    0    1    0     
0    1    0    1    0    0     
1    0    1    0    1    1     
1    1    1    1    0    0     
1    1    1    1    1    0     
1    1    1    1    0    0     
1    0    1    0    1    0     
1    1    0    1    0    1     
1    0    1    0    1    0     
0    1    1    1    0    0     
1    0    1    0    1    0     
0    1    1    1    0    0     
1    0    1    0    1    1     
1    1    1    1    1    0     
1    0    1    0    1    0     
0    1    1    1    1    0     
1    0    1    0    1    0     
1    1    1    1    1    1     
1    0    1    0    1    0     
1    1    1    1    1    0     
1    0    1    0    1    0     
1    0    1    0    1    0     
1    1    1    0    1    1     
1    0    1    1    1    0     
1    0    1    0    1    0     
1    1    1    0    1    0     
1    0    1    0    1    0     
1    0    1    1    1    1     
1    1    1    0    1    0     
1    0    1    0    1    0     
1    0    1    1    1    0     
1    0    1    0    1    0     
0    1    0    0    1    1     
1    0    1    1    1    0     
1    1    1    0    1    0     
1    0    0    0    1    0     
0    0    1    0    0    1     
1    0    0    1    1    0     
1    1    1    0    1    0     
0    0    0    0    1    0     
1    0    0    0    0    1     
0    0    1    1    1    0     
1    1    0    0    1    0     
1    0    1    1    1    1     
1    0    1    1    1    0     
0    1    0    0    1    0     
1    0    1    0    0    0     
0    0    0    1    1    1     
1    1    1    0    0    0     
0    1    1    1    1    0     
1    0    0    0    1    0     
0    0    0    0    0    1     
0    1    1    1    1    0     
1    0    0    0    1    0     
0    0    0    0    0    0     
0    0    1    1    0    1     
1    1    0    0    1    0     
0    0    1    1    1    0     
1    0    0    0    0    0     
1    0    0    1    1    1     
0    1    1    1    1    0     
1    0    1    0    1    0     
0    0    0    1    1    0     
1    1    1    0    0    1     
0    0    1    1    1    0     
1    0    0    0    1    0     
0    0    1    1    0    0     
1    1    0    0    1    1     
1    0    1    1    1    0     
0    0    0    1    1    0     
1    0    1    0    0    0     
0    1    0    1    1    0     
1    0    1    1    1    1     
0    0    1    1    1    0     
1    1    0    1    1    0     
1    0    1    1    1    0     
0    0    0    1    1    0     
0    0    1    0    0    1     
1    1    0    1    1    0     
____________________________________
Mon Jun  3 20:27:28 2024


PARAMETERS
NUMBER_NEURON = 6
ODOM_TEST = 2
VOLTAGE_TRESHOLD = 2
LEARNING_RATE = 0.1
LEAK_RATE_TEST = 1.5
TIME_ITERATION = 120
ITERATION_SPIKE_IN = 400
RANDOM_SEED_TEST_SNN = 40
RANDOM_SEED_TEST_GYRO = 3
RANDOM_SEED_TEST_IN = 10
THRESHOLD_COORDINATES = 0.043
THRESHOLD_GYROSCOPE = 0.03  0.03  1.9   
0    0    0    0    0    0     
0    0    0    0    0    0     
0    0    0    0    0    0     
0    0    0    0    0    0     
1    1    1    1    1    1     
1    1    1    1    1    0     
____________________________________
Mon Jun  3 20:35:56 2024


PARAMETERS
NUMBER_NEURON = 6
ODOM_TEST = 2
VOLTAGE_TRESHOLD = 2
LEARNING_RATE = 0.1
LEAK_RATE_TEST = 1.5
TIME_ITERATION = 120
ITERATION_SPIKE_IN = 400
RANDOM_SEED_TEST_SNN = 40
RANDOM_SEED_TEST_GYRO = 3
RANDOM_SEED_TEST_IN = 10
THRESHOLD_COORDINATES = 0.043
THRESHOLD_GYROSCOPE = 0.03  0.03  1.9   
____________________________________
Mon Jun  3 20:35:56 2024


PARAMETERS
NUMBER_NEURON = 6
ODOM_TEST = 2
VOLTAGE_TRESHOLD = 2
LEARNING_RATE = 0.1
LEAK_RATE_TEST = 1.5
TIME_ITERATION = 120
ITERATION_SPIKE_IN = 400
RANDOM_SEED_TEST_SNN = 40
RANDOM_SEED_TEST_GYRO = 3
RANDOM_SEED_TEST_IN = 10
THRESHOLD_COORDINATES = 0.043
THRESHOLD_GYROSCOPE = 0.03  0.03  1.9   
0    0    0    0    0    0     
0    0    0    0    0    0     
0    0    0    0    0    0     
0    0    0    0    0    0     
1    1    1    1    1    1     
1    1    1    1    1    0     
1    1    0    1    1    1     
1    1    1    1    1    0     
0    1    0    1    1    1     
1    0    1    0    1    0     
0    1    0    1    0    0     
1    0    1    0    1    1     
1    1    0    1    0    0     
1    1    1    1    1    0     
1    1    0    1    1    1     
1    1    1    0    1    0     
0    0    0    1    0    0     
1    1    0    0    0    0     
0    0    1    1    1    1     
1    1    0    0    0    0     
0    0    1    1    1    0     
1    1    0    0    0    0     
0    0    0    1    1    0     
1    1    1    0    0    1     
0    0    0    1    1    0     
1    1    1    0    0    0     
0    0    0    1    1    0     
1    1    1    0    0    0     
1    0    1    1    1    1     
1    1    1    1    1    0     
1    1    0    1    0    0     
1    1    1    1    1    0     
1    1    0    1    0    0     
1    1    1    1    1    1     
1    1    0    1    1    0     
1    0    1    1    0    0     
0    1    0    1    1    0     
1    0    1    0    0    0     
0    0    0    1    1    1     
1    1    1    0    1    0     
1    0    0    1    0    0     
0    0    1    0    1    0     
1    1    0    1    0    1     
1    0    1    1    1    0     
0    0    1    1    0    0     
1    1    0    0    0    0     
0    0    1    1    1    1     
1    1    1    1    0    0     
1    0    1    1    1    0     
0    0    1    1    0    0     
1    1    0    0    0    1     
0    0    1    1    1    0     
1    1    1    1    0    0     
0    0    1    1    1    1     
1    1    1    1    0    0     
0    0    0    1    1    0     
1    0    1    0    0    0     
0    1    0    1    0    1     
1    0    1    1    1    0     
0    1    1    1    0    1     
1    0    0    1    1    0     
0    1    1    1    0    0     
1    0    0    1    1    0     
0    1    1    1    0    1     
1    0    0    1    1    0     
0    0    1    0    0    0     
1    1    0    1    0    0     
0    0    1    1    1    1     
1    1    1    1    0    0     
0    0    0    1    0    0     
1    0    0    0    1    0     
0    1    1    1    0    1     
1    0    0    1    1    0     
0    0    1    0    0    0     
1    1    0    1    0    0     
0    0    1    0    1    1     
1    0    1    1    1    1     
0    1    1    1    0    0     
1    0    0    1    1    0     
0    0    1    0    0    0     
0    1    0    1    0    1     
1    0    1    1    1    0     
0    1    1    1    0    1     
1    0    0    1    0    0     
0    0    1    0    1    0     
0    1    0    1    0    1     
1    0    1    1    0    0     
0    1    0    0    1    1     
1    0    1    1    0    0     
0    1    0    0    0    1     
1    1    1    1    1    1     
1    0    1    1    0    0     
1    1    1    0    0    1     
1    0    0    1    1    0     
0    0    1    0    0    0     
____________________________________
Tue Jun  4 17:34:20 2024


PARAMETERS
NUMBER_NEURON = 6
ODOM_TEST = 2
VOLTAGE_TRESHOLD = 2
LEARNING_RATE = 0.1
LEAK_RATE_TEST = 1.5
TIME_ITERATION = 120
ITERATION_SPIKE_IN = 400
RANDOM_SEED_TEST_SNN = 40
RANDOM_SEED_TEST_GYRO = 3
RANDOM_SEED_TEST_IN = 10
THRESHOLD_COORDINATES = 0.043
THRESHOLD_GYROSCOPE = 0.03  0.03  1.9   
____________________________________
Tue Jun  4 17:34:20 2024


PARAMETERS
NUMBER_NEURON = 6
ODOM_TEST = 2
VOLTAGE_TRESHOLD = 2
LEARNING_RATE = 0.1
LEAK_RATE_TEST = 1.5
TIME_ITERATION = 120
ITERATION_SPIKE_IN = 400
RANDOM_SEED_TEST_SNN = 40
RANDOM_SEED_TEST_GYRO = 3
RANDOM_SEED_TEST_IN = 10
THRESHOLD_COORDINATES = 0.043
THRESHOLD_GYROSCOPE = 0.03  0.03  1.9   
0    0    0    0    0    0     
0    0    0    0    0    0     
0    0    0    0    0    0     
0    0    0    0    0    0     
1    1    1    1    1    1     
1    1    1    1    1    0     
1    1    0    1    1    1     
1    1    1    1    1    0     
0    1    0    1    1    1     
1    0    1    0    1    0     
0    1    0    1    0    0     
1    0    1    0    1    1     
1    1    0    1    0    0     
1    1    1    1    1    0     
1    1    0    1    1    1     
1    1    1    0    1    0     
0    0    0    1    0    0     
1    1    0    0    0    0     
0    0    1    1    1    1     
1    1    0    0    0    0     
0    0    1    1    1    0     
1    1    0    0    0    0     
0    0    0    1    1    0     
1    1    1    1    0    1     
1    1    0    1    1    0     
1    0    1    0    0    0     
0    1    0    1    0    0     
1    0    0    0    1    0     
0    1    1    1    0    1     
1    0    0    1    1    0     
1    1    1    0    0    0     
0    0    0    1    1    0     
1    1    1    0    0    0     
1    0    0    1    1    1     
1    1    1    0    1    0     
1    0    0    1    0    0     
0    1    0    0    1    0     
1    0    1    1    0    0     
0    1    0    1    1    1     
1    0    1    0    0    0     
0    1    0    1    1    0     
1    0    1    0    0    0     
0    1    0    1    1    0     
1    0    1    0    1    1     
1    1    0    1    0    0     
1    1    1    0    1    0     
1    0    0    1    0    0     
0    1    1    0    0    0     
1    0    0    1    1    1     
1    1    1    0    0    0     
0    1    0    1    1    0     
1    0    1    0    0    0     
0    1    0    1    0    0     
1    1    1    0    1    1     
1    1    1    1    1    0     
1    1    0    1    0    0     
1    1    1    1    0    0     
____________________________________
Tue Jun  4 17:46:32 2024


PARAMETERS
NUMBER_NEURON = 6
ODOM_TEST = 2
VOLTAGE_TRESHOLD = 2
LEARNING_RATE = 0.1
LEAK_RATE_TEST = 1.5
TIME_ITERATION = 120
ITERATION_SPIKE_IN = 400
RANDOM_SEED_TEST_SNN = 40
RANDOM_SEED_TEST_GYRO = 3
RANDOM_SEED_TEST_IN = 10
THRESHOLD_COORDINATES = 0.043
THRESHOLD_GYROSCOPE = 0.03  0.03  1.9   
____________________________________
Tue Jun  4 17:46:32 2024


PARAMETERS
NUMBER_NEURON = 6
ODOM_TEST = 2
VOLTAGE_TRESHOLD = 2
LEARNING_RATE = 0.1
LEAK_RATE_TEST = 1.5
TIME_ITERATION = 120
ITERATION_SPIKE_IN = 400
RANDOM_SEED_TEST_SNN = 40
RANDOM_SEED_TEST_GYRO = 3
RANDOM_SEED_TEST_IN = 10
THRESHOLD_COORDINATES = 0.043
THRESHOLD_GYROSCOPE = 0.03  0.03  1.9   
0    0    0    0    0    0     
0    0    0    0    0    0     
0    0    0    0    0    0     
0    0    0    0    0    0     
1    1    1    1    1    1     
1    1    1    1    1    1     
1    1    1    1    1    1     
1    1    1    1    1    1     
1    1    1    1    1    1     
____________________________________
Tue Jun  4 17:48:45 2024


PARAMETERS
NUMBER_NEURON = 6
ODOM_TEST = 2
VOLTAGE_TRESHOLD = 2
LEARNING_RATE = 0.1
LEAK_RATE_TEST = 1.5
TIME_ITERATION = 120
ITERATION_SPIKE_IN = 400
RANDOM_SEED_TEST_SNN = 40
RANDOM_SEED_TEST_GYRO = 3
RANDOM_SEED_TEST_IN = 10
THRESHOLD_COORDINATES = 0.043
THRESHOLD_GYROSCOPE = 0.03  0.03  1.9   
____________________________________
Tue Jun  4 17:48:45 2024


PARAMETERS
NUMBER_NEURON = 6
ODOM_TEST = 2
VOLTAGE_TRESHOLD = 2
LEARNING_RATE = 0.1
LEAK_RATE_TEST = 1.5
TIME_ITERATION = 120
ITERATION_SPIKE_IN = 400
RANDOM_SEED_TEST_SNN = 40
RANDOM_SEED_TEST_GYRO = 3
RANDOM_SEED_TEST_IN = 10
THRESHOLD_COORDINATES = 0.043
THRESHOLD_GYROSCOPE = 0.03  0.03  1.9   
0    0    0    0    0    0     
0    0    0    0    0    0     
0    0    0    0    0    0     
0    0    0    0    0    0     
1    1    1    1    1    1     
1    1    1    1    1    0     
1    1    0    1    1    1     
1    1    1    1    1    0     
0    1    0    1    1    1     
1    0    1    0    1    0     
0    1    0    1    0    0     
1    0    1    0    1    1     
1    1    0    1    0    0     
1    1    1    1    1    0     
1    1    0    1    1    1     
1    1    1    0    1    0     
0    0    0    1    0    0     
1    1    0    0    0    0     
0    0    1    1    1    1     
1    1    0    0    0    0     
0    0    1    1    1    0     
1    1    0    0    0    0     
0    0    0    1    1    0     
1    1    1    0    0    1     
0    0    0    1    1    0     
1    1    1    0    0    0     
0    0    0    1    1    0     
1    1    1    0    0    0     
1    0    1    1    1    1     
1    1    1    1    1    0     
1    1    0    1    0    0     
1    1    1    1    1    0     
1    0    0    1    0    0     
0    1    1    0    1    1     
1    0    0    1    1    0     
1    1    1    0    0    0     
0    0    0    1    1    0     
1    1    1    0    0    0     
0    0    0    1    1    1     
1    1    1    0    0    0     
0    0    0    1    1    0     
1    1    1    0    1    0     
1    0    0    1    1    1     
____________________________________
Tue Jun  4 18:01:05 2024


PARAMETERS
NUMBER_NEURON = 6
ODOM_TEST = 2
VOLTAGE_TRESHOLD = 2
LEARNING_RATE = 0.1
LEAK_RATE_TEST = 1.5
TIME_ITERATION = 120
ITERATION_SPIKE_IN = 400
RANDOM_SEED_TEST_SNN = 11
RANDOM_SEED_TEST_GYRO = 3
RANDOM_SEED_TEST_IN = 10
THRESHOLD_COORDINATES = 0.043
THRESHOLD_GYROSCOPE = 0.03  0.03  1.9   
____________________________________
Tue Jun  4 18:01:05 2024


PARAMETERS
NUMBER_NEURON = 6
ODOM_TEST = 2
VOLTAGE_TRESHOLD = 2
LEARNING_RATE = 0.1
LEAK_RATE_TEST = 1.5
TIME_ITERATION = 120
ITERATION_SPIKE_IN = 400
RANDOM_SEED_TEST_SNN = 11
RANDOM_SEED_TEST_GYRO = 3
RANDOM_SEED_TEST_IN = 10
THRESHOLD_COORDINATES = 0.043
THRESHOLD_GYROSCOPE = 0.03  0.03  1.9   
0    0    0    0    0    0     
0    0    0    0    0    0     
0    0    0    0    0    0     
0    0    0    0    0    0     
1    1    1    1    1    1     
1    1    1    1    1    1     
1    1    1    1    1    1     
0    0    1    0    1    1     
1    1    1    0    1    0     
0    0    0    1    1    1     
1    0    1    0    0    1     
0    1    0    1    1    0     
1    0    1    0    0    1     
1    1    0    1    1    1     
1    0    1    0    1    1     
0    0    0    1    1    1     
1    0    1    0    0    1     
0    1    0    1    1    0     
1    0    1    0    0    1     
0    1    1    1    1    0     
1    0    0    0    1    1     
0    0    1    1    0    0     
1    1    0    0    1    1     
1    0    1    1    1    0     
0    0    0    1    0    1     
0    1    1    0    1    0     
1    0    0    1    1    1     
0    0    1    1    0    1     
0    1    0    0    1    1     
1    0    1    1    1    0     
0    1    1    1    0    1     
1    0    0    0    1    0     
____________________________________
Tue Jun  4 18:07:47 2024


PARAMETERS
NUMBER_NEURON = 6
ODOM_TEST = 2
VOLTAGE_TRESHOLD = 2
LEARNING_RATE = 0.1
LEAK_RATE_TEST = 1.5
TIME_ITERATION = 120
ITERATION_SPIKE_IN = 400
RANDOM_SEED_TEST_SNN = 11
RANDOM_SEED_TEST_GYRO = 3
RANDOM_SEED_TEST_IN = 10
THRESHOLD_COORDINATES = 0.043
THRESHOLD_GYROSCOPE = 0.03  0.03  1.9   
____________________________________
Tue Jun  4 18:07:47 2024


PARAMETERS
NUMBER_NEURON = 6
ODOM_TEST = 2
VOLTAGE_TRESHOLD = 2
LEARNING_RATE = 0.1
LEAK_RATE_TEST = 1.5
TIME_ITERATION = 120
ITERATION_SPIKE_IN = 400
RANDOM_SEED_TEST_SNN = 11
RANDOM_SEED_TEST_GYRO = 3
RANDOM_SEED_TEST_IN = 10
THRESHOLD_COORDINATES = 0.043
THRESHOLD_GYROSCOPE = 0.03  0.03  1.9   
0    0    0    0    0    0     
0    0    0    0    0    0     
0    0    0    0    0    0     
0    0    0    0    0    0     
1    1    1    1    1    1     
1    1    1    1    1    1     
1    1    1    1    1    1     
0    0    1    0    1    1     
1    1    1    0    1    0     
0    0    0    1    1    1     
1    0    1    0    0    1     
0    1    0    1    1    0     
1    0    1    0    0    1     
1    1    0    1    1    1     
1    0    1    0    1    1     
0    0    0    1    1    1     
1    0    1    0    0    1     
0    1    0    1    1    0     
1    0    1    0    0    1     
0    1    1    1    1    0     
1    0    0    0    1    1     
0    0    1    1    0    0     
1    1    0    0    1    1     
0    0    1    1    1    0     
1    0    0    0    0    1     
0    1    1    1    1    0     
1    0    1    0    1    1     
0    1    1    1    1    1     
1    0    1    1    1    1     
0    0    0    1    1    1     
1    1    1    1    0    1     
0    0    1    1    1    0     
1    0    0    1    0    1     
0    1    1    1    1    0     
1    0    0    1    1    1     
0    0    1    1    1    1     
1    1    0    1    1    1     
0    0    1    1    1    0     
1    0    0    1    1    1     
0    0    1    1    0    0     
0    1    0    0    1    1     
1    0    1    1    1    0     
0    0    0    1    1    1     
0    1    1    1    1    0     
1    0    0    1    1    1     
0    0    1    1    1    0     
0    1    0    0    1    1     
0    0    1    1    0    0     
1    1    0    0    1    1     
0    0    1    1    1    0     
0    1    0    0    1    1     
0    0    1    1    0    0     
1    1    0    0    1    1     
____________________________________
Tue Jun  4 18:19:34 2024


PARAMETERS
NUMBER_NEURON = 6
ODOM_TEST = 2
VOLTAGE_TRESHOLD = 2
LEARNING_RATE = 0.1
LEAK_RATE_TEST = 1.5
TIME_ITERATION = 120
ITERATION_SPIKE_IN = 400
RANDOM_SEED_TEST_SNN = 11
RANDOM_SEED_TEST_GYRO = 3
RANDOM_SEED_TEST_IN = 10
THRESHOLD_COORDINATES = 0.043
THRESHOLD_GYROSCOPE = 0.03  0.03  1.9   
____________________________________
Tue Jun  4 18:19:34 2024


PARAMETERS
NUMBER_NEURON = 6
ODOM_TEST = 2
VOLTAGE_TRESHOLD = 2
LEARNING_RATE = 0.1
LEAK_RATE_TEST = 1.5
TIME_ITERATION = 120
ITERATION_SPIKE_IN = 400
RANDOM_SEED_TEST_SNN = 11
RANDOM_SEED_TEST_GYRO = 3
RANDOM_SEED_TEST_IN = 10
THRESHOLD_COORDINATES = 0.043
THRESHOLD_GYROSCOPE = 0.03  0.03  1.9   
0    0    0    0    0    0     
0    0    0    0    0    0     
0    0    0    0    0    0     
0    0    0    0    0    0     
1    1    1    1    1    1     
1    1    1    1    1    1     
1    1    1    1    1    1     
0    0    1    0    1    1     
____________________________________
Tue Jun  4 18:21:11 2024


PARAMETERS
NUMBER_NEURON = 6
ODOM_TEST = 2
VOLTAGE_TRESHOLD = 2
LEARNING_RATE = 0.1
LEAK_RATE_TEST = 1.5
TIME_ITERATION = 120
ITERATION_SPIKE_IN = 400
RANDOM_SEED_TEST_SNN = 11
RANDOM_SEED_TEST_GYRO = 3
RANDOM_SEED_TEST_IN = 10
THRESHOLD_COORDINATES = 0.043
THRESHOLD_GYROSCOPE = 0.03  0.03  1.9   
____________________________________
Tue Jun  4 18:21:11 2024


PARAMETERS
NUMBER_NEURON = 6
ODOM_TEST = 2
VOLTAGE_TRESHOLD = 2
LEARNING_RATE = 0.1
LEAK_RATE_TEST = 1.5
TIME_ITERATION = 120
ITERATION_SPIKE_IN = 400
RANDOM_SEED_TEST_SNN = 11
RANDOM_SEED_TEST_GYRO = 3
RANDOM_SEED_TEST_IN = 10
THRESHOLD_COORDINATES = 0.043
THRESHOLD_GYROSCOPE = 0.03  0.03  1.9   
0    0    0    0    0    0     
0    0    0    0    0    0     
0    0    0    0    0    0     
0    0    0    0    0    0     
1    1    1    1    1    1     
1    1    1    1    1    1     
1    1    1    1    1    1     
0    0    1    0    1    1     
1    1    1    0    1    0     
0    0    0    1    1    1     
1    0    1    0    0    1     
0    1    0    1    1    0     
____________________________________
Tue Jun  4 18:22:48 2024


PARAMETERS
NUMBER_NEURON = 6
ODOM_TEST = 2
VOLTAGE_TRESHOLD = 2
LEARNING_RATE = 0.1
LEAK_RATE_TEST = 1.5
TIME_ITERATION = 120
ITERATION_SPIKE_IN = 400
RANDOM_SEED_TEST_SNN = 11
RANDOM_SEED_TEST_GYRO = 3
RANDOM_SEED_TEST_IN = 10
THRESHOLD_COORDINATES = 0.043
THRESHOLD_GYROSCOPE = 0.03  0.03  1.9   
____________________________________
Tue Jun  4 18:22:48 2024


PARAMETERS
NUMBER_NEURON = 6
ODOM_TEST = 2
VOLTAGE_TRESHOLD = 2
LEARNING_RATE = 0.1
LEAK_RATE_TEST = 1.5
TIME_ITERATION = 120
ITERATION_SPIKE_IN = 400
RANDOM_SEED_TEST_SNN = 11
RANDOM_SEED_TEST_GYRO = 3
RANDOM_SEED_TEST_IN = 10
THRESHOLD_COORDINATES = 0.043
THRESHOLD_GYROSCOPE = 0.03  0.03  1.9   
0    0    0    0    0    0     
0    0    0    0    0    0     
0    0    0    0    0    0     
0    0    0    0    0    0     
1    1    1    1    1    1     
1    1    1    1    1    1     
1    1    1    1    1    1     
0    0    1    0    1    1     
1    1    1    0    1    0     
0    0    0    1    1    1     
1    0    1    0    0    1     
0    1    0    1    1    0     
1    0    1    0    0    1     
1    1    0    1    1    1     
1    0    1    0    1    1     
0    0    0    1    1    1     
____________________________________
Tue Jun  4 18:26:16 2024


PARAMETERS
NUMBER_NEURON = 6
ODOM_TEST = 2
VOLTAGE_TRESHOLD = 2
LEARNING_RATE = 0.1
LEAK_RATE_TEST = 1.5
TIME_ITERATION = 120
ITERATION_SPIKE_IN = 400
RANDOM_SEED_TEST_SNN = 1
RANDOM_SEED_TEST_GYRO = 3
RANDOM_SEED_TEST_IN = 10
THRESHOLD_COORDINATES = 0.043
THRESHOLD_GYROSCOPE = 0.03  0.03  1.9   
____________________________________
Tue Jun  4 18:26:16 2024


PARAMETERS
NUMBER_NEURON = 6
ODOM_TEST = 2
VOLTAGE_TRESHOLD = 2
LEARNING_RATE = 0.1
LEAK_RATE_TEST = 1.5
TIME_ITERATION = 120
ITERATION_SPIKE_IN = 400
RANDOM_SEED_TEST_SNN = 1
RANDOM_SEED_TEST_GYRO = 3
RANDOM_SEED_TEST_IN = 10
THRESHOLD_COORDINATES = 0.043
THRESHOLD_GYROSCOPE = 0.03  0.03  1.9   
0    0    0    0    0    0     
0    0    0    0    0    0     
0    0    0    0    0    0     
0    0    0    0    0    0     
1    1    1    1    1    1     
1    1    1    1    0    1     
1    1    1    1    1    1     
1    1    1    1    0    1     
1    1    1    0    1    1     
1    0    0    1    0    1     
0    1    1    0    0    0     
1    0    0    1    0    1     
0    1    1    0    1    0     
1    0    0    1    0    1     
0    1    1    0    0    0     
1    0    0    1    0    1     
0    1    1    1    1    0     
1    0    0    1    0    1     
0    1    1    0    0    0     
1    0    0    1    0    1     
0    1    1    0    1    0     
1    0    0    1    1    1     
1    1    1    0    0    0     
1    0    0    1    0    1     
0    1    1    0    1    0     
1    0    0    1    0    1     
1    1    1    1    0    0     
1    0    1    0    1    1     
1    1    1    1    0    1     
1    1    1    1    0    0     
1    0    0    0    1    1     
0    1    1    1    0    0     
1    0    0    0    0    1     
0    1    1    1    1    0     
1    0    1    0    0    1     
0    1    0    1    0    1     
1    1    1    1    1    1     
1    1    1    1    0    1     
1    1    0    1    0    1     
1    0    1    1    1    1     
1    1    1    0    0    1     
1    0    0    1    0    1     
0    0    0    0    0    0     
0    1    1    0    0    0     
1    0    0    1    1    1     
1    1    1    0    0    1     
1    0    0    1    0    1     
0    0    0    0    0    0     
0    0    0    0    0    0     
1    1    1    1    1    1     
1    0    0    1    0    1     
0    0    1    0    0    0     
1    0    0    0    0    1     
0    1    0    1    0    0     
1    0    1    1    1    1     
1    0    0    1    0    1     
0    1    1    1    0    0     
1    0    0    0    0    1     
0    0    0    1    0    0     
1    1    1    0    1    1     
1    0    0    1    0    1     
1    1    1    1    0    0     
1    0    0    0    0    1     
0    0    0    1    0    0     
1    0    1    0    1    0     
1    1    0    1    0    1     
1    0    1    1    0    0     
1    0    1    0    0    1     
1    1    0    1    0    1     
1    0    1    1    1    0     
1    0    1    0    0    1     
0    0    0    1    0    1     
1    0    1    0    0    0     
0    1    0    0    0    1     
1    1    0    1    1    1     
1    0    1    1    0    1     
1    0    0    0    0    1     
0    0    1    0    0    0     
1    0    0    0    0    1     
0    1    0    1    1    0     
1    0    1    1    1    1     
1    0    0    0    0    1     
0    0    1    0    0    0     
1    0    0    1    0    1     
0    1    1    0    0    0     
1    0    1    1    1    1     
