____________________________________
Sat May 25 01:35:48 2024


PARAMETERS
NUMBER_NEURON = 6
ODOM_TEST = 2
VOLTAGE_TRESHOLD = 2
LEARNING_RATE = 0.1
LEAK_RATE_TEST = 1.5
TIME_ITERATION = 120
ITERATION_SPIKE_IN = 400
RANDOM_SEED_TEST_SNN = 1
RANDOM_SEED_TEST_GYRO = 3
RANDOM_SEED_TEST_IN = 10
THRESHOLD_COORDINATES = 0.043
THRESHOLD_GYROSCOPE = 0.03  0.03  1.9   
____________________________________
Sat May 25 01:35:48 2024


PARAMETERS
NUMBER_NEURON = 6
ODOM_TEST = 2
VOLTAGE_TRESHOLD = 2
LEARNING_RATE = 0.1
LEAK_RATE_TEST = 1.5
TIME_ITERATION = 120
ITERATION_SPIKE_IN = 400
RANDOM_SEED_TEST_SNN = 1
RANDOM_SEED_TEST_GYRO = 3
RANDOM_SEED_TEST_IN = 10
THRESHOLD_COORDINATES = 0.043
THRESHOLD_GYROSCOPE = 0.03  0.03  1.9   
____________________________________
Sat May 25 01:35:54 2024


PARAMETERS
NUMBER_NEURON = 6
ODOM_TEST = 2
VOLTAGE_TRESHOLD = 2
LEARNING_RATE = 0.1
LEAK_RATE_TEST = 1.5
TIME_ITERATION = 120
ITERATION_SPIKE_IN = 400
RANDOM_SEED_TEST_SNN = 1
RANDOM_SEED_TEST_GYRO = 3
RANDOM_SEED_TEST_IN = 10
THRESHOLD_COORDINATES = 0.043
THRESHOLD_GYROSCOPE = 0.03  0.03  1.9   
____________________________________
Sat May 25 01:35:54 2024


PARAMETERS
NUMBER_NEURON = 6
ODOM_TEST = 2
VOLTAGE_TRESHOLD = 2
LEARNING_RATE = 0.1
LEAK_RATE_TEST = 1.5
TIME_ITERATION = 120
ITERATION_SPIKE_IN = 400
RANDOM_SEED_TEST_SNN = 1
RANDOM_SEED_TEST_GYRO = 3
RANDOM_SEED_TEST_IN = 10
THRESHOLD_COORDINATES = 0.043
THRESHOLD_GYROSCOPE = 0.03  0.03  1.9   
0    0    0    0    0    0     
0    1    0    0    1    0     
1    1    1    1    1    1     
1    1    1    1    0    1     
1    0    1    1    1    1     
1    1    1    1    0    1     
1    1    1    1    1    1     
1    1    1    1    1    1     
1    0    1    1    1    1     
1    0    0    0    0    1     
0    0    1    1    0    0     
1    1    0    1    1    1     
1    0    1    1    0    1     
0    0    0    0    0    0     
1    1    0    0    1    1     
0    0    1    1    1    1     
1    0    0    0    0    1     
0    1    1    1    0    1     
1    0    0    0    1    1     
1    0    1    0    1    1     
1    0    0    0    0    1     
1    1    0    1    0    1     
0    0    1    0    1    0     
1    0    1    1    0    1     
1    1    0    1    0    1     
0    0    1    1    1    1     
1    1    0    0    1    0     
0    0    1    1    0    1     
1    1    1    0    1    0     
1    1    0    1    0    1     
0    0    1    0    0    0     
1    1    0    0    1    1     
0    1    1    1    1    0     
1    0    1    0    0    1     
0    0    0    0    0    0     
1    1    0    0    0    1     
0    0    1    1    1    0     
1    0    1    0    0    1     
0    0    1    1    1    1     
1    0    1    0    1    1     
1    1    0    1    1    1     
1    0    1    1    1    1     
1    1    1    1    1    1     
1    0    1    1    1    1     
1    0    1    0    0    1     
1    1    1    1    0    0     
1    1    1    0    1    1     
0    0    1    1    1    1     
1    0    1    0    1    0     
1    0    1    1    0    1     
0    0    1    0    1    0     
1    1    0    0    1    1     
1    0    1    1    1    0     
0    0    1    0    0    1     
1    0    0    0    1    1     
1    0    1    1    0    1     
0    1    1    0    1    0     
1    0    0    1    1    1     
1    1    1    1    1    0     
0    0    1    1    1    1     
1    1    1    0    0    0     
0    0    1    0    1    1     
1    1    0    1    0    0     
0    0    1    1    1    1     
1    1    1    1    1    0     
1    0    1    0    0    1     
0    0    0    1    1    1     
1    1    1    0    0    1     
0    0    1    1    1    0     
1    0    1    0    0    1     
1    1    1    1    1    1     
1    1    1    1    1    1     
1    0    1    0    1    1     
0    0    1    1    1    1     
1    1    0    0    1    0     
0    1    1    1    1    0     
1    0    1    0    1    1     
1    0    1    0    0    0     
1    0    0    1    1    0     
1    0    1    0    0    1     
0    1    0    1    0    0     
1    0    1    1    1    1     
0    0    1    0    0    0     
1    1    0    0    0    1     
1    0    1    1    1    0     
0    1    1    0    0    1     
0    1    0    1    1    0     
1    0    1    1    0    1     
0    1    1    0    1    0     
0    0    1    1    0    1     
1    0    1    1    1    0     
1    1    0    1    0    1     
0    0    1    0    1    0     
1    0    0    0    0    1     
0    1    1    1    1    1     
1    1    0    0    1    0     
1    0    1    1    1    1     
0    0    0    0    0    0     
0    1    1    0    0    1     
0    0    0    1    1    0     
1    0    1    1    0    0     
0    1    1    0    1    1     
1    0    0    1    0    0     
0    1    1    1    1    0     
0    1    0    1    0    1     
1    0    1    1    1    0     
0    1    0    0    0    1     
1    0    1    0    0    0     
1    1    1    1    1    1     
0    0    1    0    1    0     
1    1    1    0    1    1     
0    0    0    1    0    0     
0    1    1    1    1    0     
1    1    0    0    0    1     
1    0    1    0    1    1     
0    1    1    1    1    1     
0    1    1    0    0    1     
1    0    1    1    1    0     
1    1    0    1    0    1     
0    0    1    1    1    0     
____________________________________
Sat May 25 01:54:25 2024


PARAMETERS
NUMBER_NEURON = 6
ODOM_TEST = 2
VOLTAGE_TRESHOLD = 2
LEARNING_RATE = 0.1
LEAK_RATE_TEST = 1.5
TIME_ITERATION = 120
ITERATION_SPIKE_IN = 400
RANDOM_SEED_TEST_SNN = 1
RANDOM_SEED_TEST_GYRO = 3
RANDOM_SEED_TEST_IN = 10
THRESHOLD_COORDINATES = 0.043
THRESHOLD_GYROSCOPE = 0.03  0.03  1.9   
0    0    0    0    0    0     
0    1    0    0    1    0     
1    1    1    1    1    1     
1    1    1    1    0    1     
1    0    1    1    1    1     
1    1    1    1    0    1     
1    1    1    1    1    1     
1    1    1    1    1    1     
1    0    1    1    1    1     
1    0    0    0    0    1     
0    0    1    1    0    0     
1    1    0    1    1    1     
1    0    1    1    0    1     
0    0    0    0    0    0     
1    1    0    0    1    1     
0    0    1    1    1    1     
1    0    0    0    0    1     
0    1    1    1    0    1     
1    0    0    0    1    1     
1    0    1    0    1    1     
1    0    0    0    0    1     
1    1    0    1    0    1     
0    0    1    0    1    0     
1    0    1    1    0    1     
1    1    0    1    0    1     
0    0    1    1    1    1     
1    1    0    0    1    0     
0    0    1    1    0    1     
1    1    1    0    0    0     
1    1    0    1    1    1     
0    1    1    0    1    0     
1    1    0    1    0    1     
1    0    1    0    1    1     
0    1    0    0    1    0     
1    0    1    0    0    1     
0    0    1    1    1    1     
1    1    1    0    1    1     
0    1    1    0    0    0     
1    0    1    0    0    1     
0    1    1    1    1    1     
1    1    1    0    1    0     
1    1    1    1    0    1     
1    0    0    1    1    1     
0    1    1    0    0    0     
1    0    0    0    0    0     
1    1    1    0    0    0     
1    1    0    1    1    1     
1    1    1    0    0    0     
1    0    0    1    0    1     
0    1    1    1    1    0     
1    0    1    1    0    1     
1    1    1    0    1    0     
0    1    1    1    1    0     
1    1    1    1    1    1     
0    1    1    1    0    0     
1    0    1    0    0    1     
0    1    0    0    1    0     
1    0    1    1    1    0     
1    1    1    1    0    1     
0    1    0    0    1    0     
0    0    1    0    0    1     
0    1    1    0    1    1     
1    0    0    0    0    0     
0    1    1    1    1    1     
0    1    1    1    0    0     
1    1    1    0    0    1     
1    1    1    1    1    0     
1    0    1    0    1    1     
0    1    1    1    0    1     
1    1    1    0    1    0     
1    0    1    0    1    1     
1    1    0    1    0    1     
0    0    0    0    1    0     
0    1    1    0    1    0     
1    0    1    0    0    1     
1    1    0    0    1    0     
0    0    1    1    0    1     
0    1    0    1    1    1     
1    0    1    0    0    0     
0    0    0    1    1    1     
0    1    1    0    1    0     
1    0    0    0    0    1     
1    1    1    0    1    0     
0    0    1    0    1    1     
1    0    1    1    1    0     
0    1    1    0    0    1     
1    0    0    0    1    1     
0    1    1    1    0    1     
0    1    1    0    1    0     
1    1    1    0    1    1     
0    1    1    1    0    1     
1    1    1    1    1    0     
0    1    1    0    0    1     
0    1    1    0    1    0     
1    0    1    1    0    1     
0    1    0    1    1    0     
0    0    1    1    0    1     
1    0    1    1    1    1     
0    1    1    0    1    0     
0    0    1    0    0    1     
0    0    0    0    1    0     
1    0    1    1    0    0     
0    1    1    1    1    1     
1    0    1    0    1    0     
1    1    1    0    0    0     
0    1    0    1    1    1     
1    1    1    1    1    0     
1    0    1    1    1    1     
1    0    1    0    1    0     
0    1    0    0    0    0     
0    1    1    0    1    1     
1    0    1    1    1    1     
0    1    1    1    1    0     
1    0    1    0    0    1     
0    1    1    0    1    0     
0    1    1    1    1    0     
1    1    1    1    0    1     
0    1    1    0    1    1     
1    0    0    0    0    0     
0    0    1    1    0    0     
____________________________________
Sat May 25 02:12:02 2024


PARAMETERS
NUMBER_NEURON = 6
ODOM_TEST = 2
VOLTAGE_TRESHOLD = 2
LEARNING_RATE = 0.1
LEAK_RATE_TEST = 1.5
TIME_ITERATION = 120
ITERATION_SPIKE_IN = 400
RANDOM_SEED_TEST_SNN = 1
RANDOM_SEED_TEST_GYRO = 3
RANDOM_SEED_TEST_IN = 10
THRESHOLD_COORDINATES = 0.043
THRESHOLD_GYROSCOPE = 0.03  0.03  1.9   
0    0    0    0    0    0     
0    1    0    0    1    0     
1    1    1    1    1    1     
1    1    1    1    0    1     
1    0    1    1    1    1     
1    1    1    1    0    1     
1    1    1    1    1    1     
1    1    1    1    1    1     
1    0    1    1    1    1     
1    0    0    0    0    1     
0    0    1    1    0    0     
1    1    0    1    1    1     
1    0    1    1    0    1     
0    0    0    0    0    0     
1    1    0    0    1    1     
0    0    1    1    1    1     
1    0    0    0    0    1     
0    1    1    1    0    1     
1    0    0    0    1    1     
1    0    1    0    1    1     
1    0    0    0    0    1     
1    1    0    1    0    1     
0    0    1    0    1    0     
1    0    1    1    0    1     
1    1    0    1    0    1     
0    0    1    1    1    1     
1    1    0    0    1    0     
0    0    1    1    0    1     
1    1    1    0    1    0     
1    1    0    1    0    1     
0    0    1    0    0    0     
1    1    0    0    1    1     
0    1    1    1    1    0     
1    0    1    0    0    1     
0    0    0    0    0    0     
1    1    0    0    0    1     
0    0    1    1    1    0     
1    0    1    0    0    1     
0    0    1    1    1    1     
1    0    1    0    1    1     
1    1    0    1    1    1     
1    0    1    1    1    1     
1    1    1    1    1    1     
1    0    1    1    1    1     
1    0    1    0    0    1     
1    1    1    1    0    0     
1    1    1    0    1    1     
0    0    0    1    1    1     
1    0    1    0    1    0     
1    1    1    1    0    1     
0    0    1    1    1    1     
1    0    1    0    1    0     
1    0    1    1    1    1     
1    1    0    1    0    0     
0    0    1    1    1    1     
1    0    1    0    1    0     
1    1    0    1    0    1     
1    0    1    1    1    0     
1    0    1    0    1    0     
1    1    1    0    1    1     
1    0    1    1    1    0     
1    1    1    0    1    1     
1    1    1    0    1    1     
1    1    0    1    0    1     
0    0    1    0    1    0     
1    0    0    0    1    1     
1    0    1    1    0    1     
1    1    0    0    1    0     
0    1    1    0    1    0     
1    1    0    0    1    1     
1    1    1    1    0    0     
1    0    0    0    1    0     
0    0    1    0    1    1     
1    1    0    1    1    0     
1    0    1    0    1    0     
1    0    1    1    1    0     
1    1    1    1    1    1     
1    0    1    1    1    1     
1    1    1    1    1    0     
1    0    1    1    1    1     
1    0    0    1    1    0     
1    0    1    0    1    0     
0    1    1    1    1    1     
1    0    1    0    1    1     
0    0    1    0    1    1     
1    0    1    1    0    0     
0    0    1    1    1    1     
1    1    1    1    0    1     
1    1    1    0    1    1     
1    0    1    0    0    1     
0    1    1    0    0    1     
1    0    1    1    1    1     
1    0    1    0    0    0     
1    0    0    1    0    0     
0    0    1    1    0    1     
1    1    0    1    1    0     
1    1    1    0    0    0     
1    0    1    0    1    0     
0    0    1    0    1    1     
1    0    0    0    0    0     
0    1    1    1    1    0     
1    1    1    0    1    0     
1    0    1    1    0    1     
1    0    0    1    1    0     
1    0    1    0    0    0     
0    0    0    0    1    0     
1    1    1    0    0    1     
0    1    0    1    1    1     
1    0    1    1    0    0     
0    0    1    0    1    0     
1    0    0    1    0    1     
1    0    1    0    1    1     
0    1    0    1    0    0     
1    0    1    1    0    0     
1    1    1    0    1    1     
1    0    1    1    1    0     
1    1    1    1    0    0     
1    0    1    0    1    0     
1    0    1    0    1    1     
0    1    0    0    1    0     
____________________________________
Sat May 25 02:30:19 2024


PARAMETERS
NUMBER_NEURON = 6
ODOM_TEST = 2
VOLTAGE_TRESHOLD = 2
LEARNING_RATE = 0.1
LEAK_RATE_TEST = 1.5
TIME_ITERATION = 120
ITERATION_SPIKE_IN = 400
RANDOM_SEED_TEST_SNN = 1
RANDOM_SEED_TEST_GYRO = 3
RANDOM_SEED_TEST_IN = 10
THRESHOLD_COORDINATES = 0.043
THRESHOLD_GYROSCOPE = 0.03  0.03  1.9   
0    0    0    0    0    0     
0    1    0    0    1    0     
1    1    1    1    1    1     
1    1    1    1    0    1     
1    0    1    1    1    1     
1    1    1    1    0    1     
1    1    1    1    1    1     
1    1    1    1    1    1     
1    0    1    1    1    1     
1    0    0    0    0    1     
0    0    1    1    0    0     
1    1    0    1    1    1     
1    0    1    1    0    1     
0    0    0    0    0    0     
1    1    0    0    1    1     
0    0    1    1    1    1     
1    0    0    0    0    1     
0    1    1    1    0    1     
1    0    0    0    1    1     
1    0    1    0    1    1     
1    0    0    0    0    1     
1    1    0    1    0    1     
0    0    1    0    1    0     
1    0    1    1    0    1     
1    1    0    1    0    1     
0    0    1    1    1    1     
1    1    0    0    1    0     
0    0    1    1    0    1     
1    1    1    0    0    0     
1    1    0    1    1    1     
0    1    1    0    1    0     
1    1    0    1    0    1     
1    0    1    0    1    1     
0    1    0    0    1    0     
1    0    1    0    0    1     
0    0    1    1    1    1     
1    1    1    0    1    1     
0    1    1    0    0    0     
1    0    1    0    0    1     
0    1    1    1    1    1     
1    1    1    0    1    0     
1    1    1    1    0    1     
0    1    1    1    1    1     
1    0    1    0    0    0     
1    1    1    0    0    1     
1    1    1    1    1    0     
1    0    1    1    1    1     
1    1    1    1    0    0     
1    0    1    0    0    1     
0    1    0    0    1    0     
1    0    1    0    1    1     
1    1    0    1    0    0     
0    0    1    0    1    0     
1    1    0    1    0    0     
0    1    1    0    1    1     
1    1    0    0    0    0     
1    1    1    1    1    0     
1    1    1    1    1    1     
1    1    1    0    0    0     
1    0    1    0    0    0     
0    1    0    0    1    0     
1    0    1    1    0    0     
1    1    1    1    1    1     
1    1    1    1    0    0     
1    0    0    0    0    0     
0    0    0    0    1    0     
0    1    1    1    0    1     
1    1    0    1    1    0     
1    0    1    1    1    0     
1    1    1    1    0    0     
1    0    1    0    1    0     
1    0    0    1    0    1     
0    1    1    0    1    0     
1    0    0    0    0    0     
1    1    1    0    0    0     
1    0    1    0    1    1     
1    1    1    1    0    0     
1    0    1    0    1    1     
1    1    0    0    0    1     
0    0    1    1    1    0     
1    1    0    1    0    0     
1    0    1    1    1    1     
1    1    1    0    1    0     
0    0    0    0    0    0     
1    0    1    1    0    0     
1    1    1    0    1    0     
0    1    0    1    0    1     
1    1    1    0    1    0     
1    1    0    1    1    1     
0    1    1    1    1    0     
1    1    1    1    0    1     
1    1    0    1    1    0     
1    0    1    0    0    1     
0    1    0    1    1    0     
1    0    1    1    0    1     
1    1    1    1    1    0     
0    1    0    0    0    1     
1    0    1    1    1    1     
0    1    1    0    0    1     
1    1    1    1    1    0     
1    1    1    0    0    1     
0    1    0    1    1    0     
1    0    1    0    0    0     
0    1    0    1    1    1     
0    1    1    0    1    0     
1    0    0    1    0    1     
1    1    1    0    1    0     
0    1    1    1    1    0     
1    1    0    1    0    1     
0    1    1    1    1    1     
1    1    0    1    0    0     
0    1    0    0    1    1     
0    1    1    1    0    0     
1    0    0    0    0    0     
0    0    0    1    1    1     
0    1    1    0    1    1     
1    1    1    1    0    0     
0    1    1    1    1    1     
1    1    0    0    0    0     
0    0    0    1    1    0     
____________________________________
Sat May 25 02:48:28 2024


PARAMETERS
NUMBER_NEURON = 6
ODOM_TEST = 1.5
VOLTAGE_TRESHOLD = 2
LEARNING_RATE = 0.1
LEAK_RATE_TEST = 1.5
TIME_ITERATION = 120
ITERATION_SPIKE_IN = 400
RANDOM_SEED_TEST_SNN = 43
RANDOM_SEED_TEST_GYRO = 7
RANDOM_SEED_TEST_IN = 10
THRESHOLD_COORDINATES = 0.043
THRESHOLD_GYROSCOPE = 0.03  0.03  1.9   
____________________________________
Sat May 25 02:48:28 2024


PARAMETERS
NUMBER_NEURON = 6
ODOM_TEST = 1.5
VOLTAGE_TRESHOLD = 2
LEARNING_RATE = 0.1
LEAK_RATE_TEST = 1.5
TIME_ITERATION = 120
ITERATION_SPIKE_IN = 400
RANDOM_SEED_TEST_SNN = 43
RANDOM_SEED_TEST_GYRO = 7
RANDOM_SEED_TEST_IN = 10
THRESHOLD_COORDINATES = 0.043
THRESHOLD_GYROSCOPE = 0.03  0.03  1.9   
0    0    0    0    0    0     
1    1    0    0    0    0     
1    1    1    1    1    1     
1    1    1    1    1    1     
1    1    1    1    1    1     
1    1    1    1    1    1     
1    1    1    0    1    1     
0    0    0    1    0    0     
1    1    0    0    0    0     
1    1    1    1    1    1     
0    1    0    1    0    1     
1    1    1    1    1    1     
0    1    0    1    1    1     
1    1    1    1    1    1     
0    1    0    1    0    1     
1    1    0    0    1    0     
1    1    1    1    0    1     
1    1    0    1    1    1     
0    1    1    1    0    1     
1    1    0    1    1    0     
1    1    1    0    1    1     
0    1    0    1    0    1     
1    1    0    0    1    1     
0    1    1    1    0    1     
0    1    0    1    1    1     
1    1    1    0    1    0     
1    1    0    1    1    1     
1    1    0    0    0    1     
0    1    1    1    1    1     
1    1    0    1    0    1     
0    1    0    0    0    1     
0    1    1    1    1    0     
1    1    0    1    0    1     
0    1    0    0    0    1     
1    0    0    0    1    1     
1    1    1    1    1    1     
1    1    1    0    1    1     
0    0    0    1    0    1     
0    1    0    0    1    0     
1    1    0    0    0    1     
0    0    1    1    0    1     
1    1    1    1    0    1     
0    1    0    0    1    1     
1    0    0    1    0    0     
1    1    0    1    0    1     
0    1    1    0    1    1     
1    0    1    1    0    1     
1    1    0    0    1    0     
1    0    1    1    0    1     
1    1    0    0    1    1     
1    0    0    1    0    1     
0    1    0    0    0    0     
1    0    1    1    1    1     
0    1    0    1    1    0     
1    0    0    0    0    1     
1    1    1    1    0    1     
1    1    0    1    1    1     
1    0    1    1    1    1     
1    1    0    1    1    0     
0    0    0    0    0    1     
1    1    1    1    0    1     
1    1    1    1    1    1     
0    0    0    1    1    1     
1    1    1    0    1    1     
0    0    1    1    1    1     
0    0    0    0    1    1     
1    1    0    0    0    1     
1    1    0    1    0    0     
0    0    1    0    1    1     
1    0    1    1    1    0     
0    1    0    0    1    1     
1    1    0    1    0    0     
0    0    0    0    1    1     
1    1    1    1    0    0     
1    1    0    0    1    1     
0    1    1    1    0    0     
1    0    1    0    0    1     
0    1    1    1    1    1     
1    0    1    1    0    1     
1    1    0    0    1    0     
1    1    0    1    0    1     
0    0    1    0    0    0     
0    0    0    0    1    0     
1    1    0    0    0    1     
1    0    1    1    1    0     
0    1    1    0    0    1     
1    1    1    0    1    0     
0    0    1    1    1    1     
1    1    0    1    0    0     
0    0    0    1    0    1     
0    1    1    1    0    1     
1    1    1    0    1    0     
0    0    0    0    0    1     
1    0    0    1    0    1     
1    1    0    1    0    1     
1    0    1    1    1    0     
0    1    0    0    1    1     
1    0    0    0    0    1     
0    1    1    0    0    1     
1    0    0    1    1    1     
1    1    1    0    0    1     
1    0    1    0    1    1     
1    1    0    1    1    1     
0    1    0    1    0    1     
1    0    1    0    0    1     
0    1    0    1    1    1     
1    1    0    1    0    1     
0    0    1    0    0    1     
1    0    0    0    1    1     
0    1    1    1    0    1     
1    0    0    0    1    0     
1    1    0    1    0    1     
0    1    1    1    0    0     
1    0    1    0    1    1     
1    1    0    1    1    1     
0    0    1    0    0    1     
0    0    0    1    1    1     
1    1    1    0    0    1     
1    0    1    1    0    0     
1    1    1    1    0    1     
____________________________________
Sat May 25 03:06:37 2024


PARAMETERS
NUMBER_NEURON = 6
ODOM_TEST = 1.5
VOLTAGE_TRESHOLD = 2
LEARNING_RATE = 0.1
LEAK_RATE_TEST = 1.5
TIME_ITERATION = 120
ITERATION_SPIKE_IN = 400
RANDOM_SEED_TEST_SNN = 43
RANDOM_SEED_TEST_GYRO = 7
RANDOM_SEED_TEST_IN = 10
THRESHOLD_COORDINATES = 0.043
THRESHOLD_GYROSCOPE = 0.03  0.03  1.9   
0    0    0    0    0    0     
1    1    0    0    0    0     
1    1    1    1    1    1     
1    1    1    1    1    1     
1    1    1    1    1    1     
1    1    1    1    1    1     
1    1    1    0    1    1     
0    0    0    1    0    0     
1    1    0    0    0    0     
1    1    1    1    1    1     
0    1    0    1    0    1     
1    1    1    1    1    1     
0    1    0    1    1    1     
1    1    1    1    1    1     
0    1    0    1    0    1     
1    1    0    0    1    0     
1    1    1    1    0    1     
1    1    0    1    1    1     
0    1    1    1    0    1     
1    1    0    1    1    0     
1    1    1    0    1    1     
0    1    0    1    0    1     
1    1    0    0    1    1     
0    1    1    1    0    1     
1    1    0    1    1    1     
0    1    1    0    1    1     
1    1    0    1    1    0     
0    1    1    0    0    1     
1    0    0    1    0    1     
1    1    1    1    0    1     
0    1    0    1    1    1     
0    1    1    0    0    0     
0    0    0    1    1    1     
1    1    1    1    0    1     
0    0    1    1    0    1     
1    1    0    1    1    1     
0    1    1    0    0    0     
0    1    1    1    0    1     
1    0    0    1    1    1     
0    1    1    0    0    0     
1    0    0    1    1    1     
1    1    1    0    0    0     
1    0    0    1    1    1     
1    1    1    1    0    1     
1    1    0    0    1    1     
1    1    1    1    0    0     
1    1    1    0    0    1     
0    0    0    1    0    1     
0    1    1    0    0    1     
0    0    0    1    1    1     
1    1    1    1    0    0     
1    0    0    0    0    1     
1    1    0    1    1    0     
1    1    1    0    0    1     
0    1    0    1    1    1     
0    1    1    1    0    0     
1    1    1    1    0    1     
0    0    1    1    1    1     
1    1    1    0    0    0     
1    1    1    1    0    1     
0    0    0    0    1    1     
0    1    1    1    0    0     
1    1    0    0    0    1     
0    0    1    1    0    1     
1    1    1    0    1    0     
1    1    1    1    0    1     
0    0    1    1    1    0     
1    1    1    1    0    1     
0    1    1    1    0    0     
0    1    1    1    1    1     
0    1    1    1    0    0     
0    1    0    1    0    1     
1    0    1    1    1    0     
0    1    1    1    0    1     
0    1    1    1    0    1     
1    0    1    1    0    0     
1    1    0    0    1    1     
1    1    1    1    0    0     
1    1    0    0    0    1     
0    1    1    1    1    1     
1    1    1    1    1    1     
1    1    1    0    0    1     
0    0    0    1    0    1     
1    1    1    1    0    1     
1    1    1    1    1    1     
0    1    1    0    1    0     
1    1    0    1    0    1     
1    0    1    1    0    0     
1    1    0    0    1    1     
0    1    1    1    0    1     
1    0    1    1    1    0     
1    1    0    0    1    1     
0    1    1    1    1    0     
1    1    0    0    1    0     
0    1    1    1    0    1     
1    0    0    0    0    0     
0    1    0    0    0    0     
1    1    0    1    1    1     
1    1    1    0    0    0     
0    1    0    0    0    0     
1    0    0    0    0    1     
0    1    1    1    1    0     
1    1    0    0    1    1     
1    1    1    1    0    0     
1    1    1    1    0    0     
1    1    1    0    1    1     
0    1    0    1    0    0     
1    0    1    0    0    0     
1    1    1    0    0    1     
0    0    0    0    0    0     
1    1    0    0    1    0     
1    1    1    1    0    0     
1    1    1    0    0    1     
1    1    0    0    0    1     
1    0    0    0    0    0     
1    1    1    0    1    1     
0    1    0    1    0    1     
1    0    1    0    0    1     
0    1    0    1    0    1     
1    1    1    1    1    1     
____________________________________
Sat May 25 03:24:56 2024


PARAMETERS
NUMBER_NEURON = 6
ODOM_TEST = 1.5
VOLTAGE_TRESHOLD = 2
LEARNING_RATE = 0.1
LEAK_RATE_TEST = 1.5
TIME_ITERATION = 120
ITERATION_SPIKE_IN = 400
RANDOM_SEED_TEST_SNN = 43
RANDOM_SEED_TEST_GYRO = 7
RANDOM_SEED_TEST_IN = 10
THRESHOLD_COORDINATES = 0.043
THRESHOLD_GYROSCOPE = 0.03  0.03  1.9   
0    0    0    0    0    0     
1    1    0    0    0    0     
1    1    1    1    1    1     
1    1    1    1    1    1     
1    1    1    1    1    1     
1    1    1    1    1    1     
1    1    1    0    1    1     
0    0    0    1    0    0     
1    1    0    0    0    0     
1    1    1    1    1    1     
0    1    0    1    0    1     
1    1    1    1    1    1     
0    1    0    1    1    1     
1    1    1    1    1    1     
0    1    0    1    0    1     
1    1    0    0    1    0     
1    1    1    1    0    1     
1    1    0    1    1    1     
0    1    1    1    0    1     
1    1    0    1    1    0     
1    1    1    0    1    1     
0    1    0    1    0    1     
1    1    0    0    1    1     
0    1    1    1    0    1     
1    1    0    1    1    1     
0    1    1    0    1    1     
1    1    0    1    1    0     
0    1    1    0    0    1     
1    0    0    1    0    1     
1    1    1    1    0    1     
0    1    0    1    1    1     
0    1    1    0    0    0     
0    0    0    1    1    1     
1    1    1    1    0    1     
0    1    1    1    0    1     
1    0    0    1    1    1     
0    1    1    0    1    1     
0    1    0    1    1    1     
0    1    0    0    0    0     
1    0    1    1    0    0     
0    1    0    0    0    1     
1    1    0    0    1    1     
0    0    1    1    0    0     
1    1    0    1    0    1     
1    0    0    1    0    1     
1    1    1    1    1    0     
1    1    1    1    0    1     
0    0    1    1    0    1     
1    0    1    0    1    0     
1    1    0    1    0    1     
0    0    1    0    1    0     
1    0    0    1    1    1     
1    1    1    1    0    0     
1    0    0    0    1    1     
0    1    1    1    0    0     
1    0    1    1    1    1     
1    0    1    1    1    1     
1    0    1    0    1    0     
1    1    0    1    1    0     
0    1    1    0    0    1     
1    0    0    1    1    0     
0    0    1    0    1    1     
1    0    1    1    1    0     
1    1    1    1    0    1     
1    0    1    0    1    1     
1    0    1    0    0    1     
1    1    0    1    1    0     
0    0    1    0    1    1     
1    0    1    1    1    0     
0    0    1    0    1    1     
1    1    1    0    0    1     
0    0    0    1    1    1     
1    1    1    0    1    0     
0    1    0    1    0    1     
0    0    1    1    1    1     
1    1    1    1    1    1     
0    1    1    1    1    1     
1    1    1    1    1    1     
0    1    1    1    1    1     
0    0    1    0    0    0     
1    1    0    1    1    1     
1    0    1    1    0    0     
0    1    0    0    1    1     
1    0    1    1    1    0     
1    1    1    1    1    1     
1    1    1    0    1    0     
1    0    0    1    0    1     
0    0    1    0    1    1     
1    1    0    1    0    1     
0    0    1    0    0    0     
0    1    1    1    1    1     
1    0    1    1    0    0     
1    1    0    0    1    1     
0    0    1    1    1    0     
1    1    1    1    1    1     
0    0    1    1    0    0     
1    0    1    0    0    1     
1    1    0    1    1    1     
0    0    1    1    0    1     
1    1    0    1    0    1     
1    0    1    1    1    1     
1    0    1    1    0    1     
1    1    0    0    0    1     
0    0    1    1    0    1     
1    1    0    1    1    0     
0    0    1    1    0    1     
1    1    0    0    0    0     
0    0    1    1    0    1     
0    1    1    0    1    1     
1    0    1    1    0    0     
1    0    1    1    0    0     
0    1    0    1    1    1     
1    0    1    1    0    1     
0    1    0    1    0    0     
0    0    1    0    0    1     
1    1    1    1    0    0     
0    0    1    0    1    1     
1    0    1    1    0    1     
1    1    0    0    0    1     
0    1    1    1    1    1     
____________________________________
Sat May 25 03:42:37 2024


PARAMETERS
NUMBER_NEURON = 6
ODOM_TEST = 1.5
VOLTAGE_TRESHOLD = 2
LEARNING_RATE = 0.1
LEAK_RATE_TEST = 1.5
TIME_ITERATION = 120
ITERATION_SPIKE_IN = 400
RANDOM_SEED_TEST_SNN = 43
RANDOM_SEED_TEST_GYRO = 7
RANDOM_SEED_TEST_IN = 10
THRESHOLD_COORDINATES = 0.043
THRESHOLD_GYROSCOPE = 0.03  0.03  1.9   
0    0    0    0    0    0     
1    1    0    0    0    0     
1    1    1    1    1    1     
1    1    1    1    1    1     
1    1    1    1    1    1     
1    1    1    1    1    1     
1    1    1    0    1    1     
0    0    0    1    0    0     
1    1    0    0    0    0     
1    1    1    1    1    1     
0    1    0    1    0    1     
1    1    1    1    1    1     
0    1    0    1    1    1     
1    1    1    1    1    1     
0    1    0    1    0    1     
1    1    0    0    1    0     
1    1    1    1    0    1     
1    1    0    1    1    1     
0    1    1    1    0    1     
1    1    0    1    1    0     
1    1    1    0    1    1     
0    1    0    1    0    1     
1    1    0    0    1    1     
0    1    1    1    0    1     
1    1    0    1    1    1     
0    1    1    0    1    1     
1    1    0    1    1    0     
0    1    1    0    0    1     
1    0    0    1    0    1     
1    1    1    1    0    1     
0    1    0    1    1    1     
0    0    1    0    0    0     
0    1    0    1    1    1     
1    0    0    0    0    0     
0    1    0    1    0    1     
0    0    1    1    0    1     
1    1    1    0    1    1     
1    0    0    1    1    1     
0    1    0    0    0    0     
0    0    1    1    0    1     
1    1    1    1    0    1     
0    1    0    0    1    1     
0    0    1    1    0    1     
0    1    0    0    0    1     
1    0    0    0    0    1     
0    1    0    1    1    0     
1    1    1    1    0    1     
1    1    0    0    1    1     
1    1    1    1    0    0     
0    1    0    0    0    1     
0    0    1    1    1    1     
0    1    0    1    1    1     
0    0    1    0    0    0     
1    1    0    1    1    1     
0    1    1    0    0    1     
0    0    1    1    0    1     
0    1    0    1    1    1     
1    1    1    0    0    1     
1    1    0    1    0    1     
1    1    1    1    1    1     
0    1    1    1    0    1     
0    0    0    0    0    0     
0    0    0    1    1    1     
0    1    1    0    0    1     
1    0    0    1    1    0     
0    1    0    1    1    1     
0    0    1    1    1    1     
0    1    1    1    1    0     
1    0    0    1    1    1     
0    1    1    1    0    0     
0    0    1    1    1    1     
0    1    0    1    1    0     
0    0    1    0    1    1     
1    1    0    1    1    0     
0    1    1    0    0    0     
1    1    0    1    0    0     
0    0    1    0    1    1     
0    1    0    1    0    1     
0    0    1    0    1    0     
1    1    0    1    0    0     
0    0    1    0    1    1     
0    1    1    1    0    0     
1    0    0    1    1    1     
0    1    1    1    0    0     
1    0    0    0    0    1     
0    1    1    1    0    0     
1    0    1    0    1    1     
1    1    1    1    0    0     
0    0    0    0    0    0     
1    1    1    0    0    1     
1    1    0    1    1    0     
0    1    1    0    0    1     
0    1    0    1    1    0     
1    1    1    0    0    1     
0    0    0    1    0    0     
1    0    1    0    0    0     
0    1    0    1    1    1     
1    0    1    1    1    0     
0    1    0    1    1    0     
0    0    1    0    0    1     
1    1    0    1    0    0     
1    1    1    1    0    1     
0    0    1    1    1    0     
1    1    1    1    0    1     
0    0    1    1    1    0     
0    0    1    1    1    0     
0    1    1    1    0    1     
1    0    1    1    1    0     
0    1    1    1    0    1     
0    0    1    1    1    0     
0    0    1    1    1    0     
1    0    1    1    1    0     
0    1    1    1    1    1     
0    0    1    1    1    0     
0    1    1    1    1    1     
1    1    1    1    1    1     
0    0    1    0    1    0     
0    1    0    1    1    0     
0    0    1    1    1    1     
0    0    1    0    1    0     
____________________________________
Sat May 25 04:01:29 2024


PARAMETERS
NUMBER_NEURON = 6
ODOM_TEST = 1.7
VOLTAGE_TRESHOLD = 2
LEARNING_RATE = 0.1
LEAK_RATE_TEST = 1.5
TIME_ITERATION = 120
ITERATION_SPIKE_IN = 400
RANDOM_SEED_TEST_SNN = 27
RANDOM_SEED_TEST_GYRO = 31
RANDOM_SEED_TEST_IN = 10
THRESHOLD_COORDINATES = 0.043
THRESHOLD_GYROSCOPE = 0.03  0.03  1.9   
____________________________________
Sat May 25 04:01:29 2024


PARAMETERS
NUMBER_NEURON = 6
ODOM_TEST = 1.7
VOLTAGE_TRESHOLD = 2
LEARNING_RATE = 0.1
LEAK_RATE_TEST = 1.5
TIME_ITERATION = 120
ITERATION_SPIKE_IN = 400
RANDOM_SEED_TEST_SNN = 27
RANDOM_SEED_TEST_GYRO = 31
RANDOM_SEED_TEST_IN = 10
THRESHOLD_COORDINATES = 0.043
THRESHOLD_GYROSCOPE = 0.03  0.03  1.9   
0    0    0    0    0    0     
0    1    1    0    1    0     
1    1    1    1    0    1     
1    1    1    1    1    0     
0    1    1    1    1    1     
1    0    1    1    1    1     
0    1    1    1    1    0     
1    1    0    0    0    1     
0    0    1    1    1    0     
1    1    0    0    0    1     
0    0    1    1    1    0     
1    1    1    1    0    1     
0    0    1    1    1    0     
1    1    0    0    1    1     
0    1    1    1    1    0     
1    0    0    0    1    1     
0    1    1    1    1    1     
1    0    0    1    1    1     
1    0    1    1    1    1     
1    1    1    1    1    0     
1    1    0    0    1    1     
0    1    1    1    1    1     
1    1    0    1    1    0     
0    1    1    1    1    1     
1    1    0    0    1    0     
0    0    1    0    0    0     
1    0    0    1    1    1     
1    1    1    0    1    0     
1    0    1    1    1    1     
0    1    1    0    1    0     
1    0    0    1    1    1     
0    1    1    0    0    0     
1    1    0    0    1    0     
1    1    1    1    0    1     
0    0    1    0    1    1     
0    1    1    0    1    1     
1    0    1    0    0    1     
1    0    1    1    1    0     
0    1    1    1    1    1     
1    1    0    1    1    0     
1    1    1    0    0    1     
0    0    1    1    1    0     
0    0    1    0    1    1     
1    1    0    1    1    1     
1    0    1    0    1    1     
1    0    0    1    0    1     
0    0    1    1    1    0     
0    0    1    0    1    1     
0    1    0    1    0    0     
0    0    1    0    1    1     
1    1    0    1    0    0     
0    0    1    0    1    1     
1    0    0    1    0    0     
0    1    1    0    1    1     
1    0    1    1    1    1     
0    0    1    1    1    1     
1    1    0    1    1    0     
1    0    1    1    1    1     
0    1    1    0    1    0     
0    0    0    1    1    1     
1    1    1    0    0    0     
1    0    1    1    1    1     
0    1    1    0    1    0     
1    0    0    1    1    0     
0    1    1    0    0    1     
1    0    1    1    1    1     
0    1    1    0    1    1     
0    1    1    1    1    1     
1    0    1    0    1    0     
1    1    1    1    1    0     
1    1    1    0    1    1     
0    0    1    1    0    0     
1    0    1    1    1    0     
1    1    1    1    0    1     
0    0    1    0    1    0     
0    0    1    1    1    1     
1    0    0    0    0    0     
0    0    1    0    0    0     
1    1    0    1    0    1     
1    0    1    1    1    0     
0    0    1    0    1    0     
1    1    1    0    0    0     
0    0    0    0    1    1     
1    0    1    1    0    0     
0    1    1    1    0    0     
1    0    0    0    1    1     
0    1    1    1    0    0     
1    0    0    0    1    1     
0    1    1    1    0    0     
1    0    1    0    1    0     
1    0    1    0    0    1     
1    1    1    1    1    0     
0    1    1    1    1    1     
1    1    1    0    0    0     
0    0    1    0    1    0     
1    1    0    1    0    1     
1    1    1    1    1    1     
1    0    1    0    1    1     
0    1    1    1    0    0     
1    0    1    1    1    0     
0    0    1    1    1    0     
0    1    1    1    1    0     
1    0    1    1    0    1     
1    0    1    0    0    0     
0    1    0    1    1    1     
1    0    1    0    0    0     
0    0    0    1    1    1     
1    0    1    1    0    0     
1    0    0    0    1    0     
1    1    1    0    0    0     
0    0    0    0    1    1     
1    0    1    1    0    0     
0    0    1    0    1    0     
0    0    1    0    1    1     
1    1    1    1    0    1     
0    0    1    0    1    0     
1    0    0    1    1    0     
1    1    1    0    0    0     
0    1    0    1    1    0     
0    0    1    0    1    1     
____________________________________
Sat May 25 04:19:08 2024


PARAMETERS
NUMBER_NEURON = 6
ODOM_TEST = 1.7
VOLTAGE_TRESHOLD = 2
LEARNING_RATE = 0.1
LEAK_RATE_TEST = 1.5
TIME_ITERATION = 120
ITERATION_SPIKE_IN = 400
RANDOM_SEED_TEST_SNN = 27
RANDOM_SEED_TEST_GYRO = 31
RANDOM_SEED_TEST_IN = 10
THRESHOLD_COORDINATES = 0.043
THRESHOLD_GYROSCOPE = 0.03  0.03  1.9   
0    0    0    0    0    0     
0    1    1    0    1    0     
1    1    1    1    0    1     
1    1    1    1    1    0     
0    1    1    1    1    1     
1    0    1    1    1    1     
0    1    1    1    1    0     
1    1    0    0    0    1     
0    0    1    1    1    0     
1    1    0    0    0    1     
0    0    1    1    1    0     
1    1    1    1    0    1     
0    0    1    1    1    0     
1    1    0    0    0    1     
0    1    1    1    1    0     
1    1    0    0    1    1     
1    0    1    1    1    0     
1    1    0    0    1    1     
1    1    1    1    1    1     
1    1    1    1    1    1     
1    1    0    1    1    1     
0    0    1    0    1    0     
0    1    0    1    1    1     
1    0    1    0    1    0     
0    1    0    1    1    1     
1    0    1    1    1    0     
1    1    1    0    0    1     
0    1    1    1    1    0     
0    0    0    0    0    1     
0    0    1    0    1    0     
1    1    0    1    0    0     
0    0    1    0    1    1     
0    1    1    1    0    0     
1    1    0    0    1    1     
0    0    1    1    1    0     
0    1    1    0    0    1     
1    1    1    1    1    0     
0    1    1    1    1    1     
1    1    1    1    1    0     
0    1    0    0    1    1     
1    0    1    1    1    1     
0    1    1    1    1    0     
1    1    1    1    0    1     
0    1    1    1    1    0     
0    0    0    1    1    1     
0    1    1    0    1    0     
1    1    0    1    1    1     
1    0    1    1    1    0     
1    1    1    0    1    1     
0    1    1    1    0    0     
1    0    0    1    1    1     
0    1    1    1    1    0     
0    0    0    1    1    1     
1    1    1    1    1    0     
0    0    1    1    1    1     
0    1    1    1    1    0     
1    0    0    1    1    1     
0    1    1    1    1    1     
1    0    1    1    1    0     
1    1    0    1    0    1     
0    1    1    1    0    1     
1    0    0    1    1    0     
0    1    1    1    0    1     
0    1    0    1    1    1     
1    1    1    1    0    0     
0    1    0    1    0    1     
0    0    1    1    1    1     
0    0    0    1    0    1     
1    1    0    0    1    0     
0    1    1    1    0    1     
0    0    0    1    1    1     
1    1    0    1    1    0     
0    0    1    1    0    1     
0    1    0    1    1    1     
1    0    1    1    1    1     
0    1    1    1    0    1     
0    1    1    1    1    1     
0    0    0    1    0    0     
1    1    0    0    1    1     
0    1    1    1    0    0     
0    0    0    0    1    1     
0    0    1    1    0    0     
1    0    0    1    1    1     
1    1    1    1    1    0     
1    0    0    0    0    1     
0    1    1    1    1    0     
1    1    0    0    1    1     
0    1    1    1    0    0     
1    1    1    0    1    1     
1    0    1    1    0    1     
1    1    0    1    1    0     
0    1    1    0    1    1     
1    1    0    1    0    0     
1    0    1    1    1    1     
0    0    0    1    1    0     
0    0    0    0    0    0     
1    1    0    0    0    0     
1    0    1    0    0    1     
0    1    0    1    1    1     
1    0    1    0    0    0     
1    0    0    0    0    1     
0    0    0    1    1    0     
0    1    1    0    0    0     
1    0    0    0    0    1     
1    0    1    1    1    0     
1    0    1    0    1    1     
1    1    1    0    0    0     
0    1    1    1    1    1     
1    0    0    0    1    1     
1    1    1    0    0    0     
1    0    1    1    1    1     
1    1    1    1    1    0     
1    1    1    0    0    1     
0    0    0    0    1    1     
1    1    1    1    1    1     
0    1    0    0    1    1     
1    1    1    1    1    0     
1    1    0    1    1    1     
0    1    0    1    0    1     
1    1    1    0    1    1     
____________________________________
Sat May 25 04:36:53 2024


PARAMETERS
NUMBER_NEURON = 6
ODOM_TEST = 1.7
VOLTAGE_TRESHOLD = 2
LEARNING_RATE = 0.1
LEAK_RATE_TEST = 1.5
TIME_ITERATION = 120
ITERATION_SPIKE_IN = 400
RANDOM_SEED_TEST_SNN = 27
RANDOM_SEED_TEST_GYRO = 31
RANDOM_SEED_TEST_IN = 10
THRESHOLD_COORDINATES = 0.043
THRESHOLD_GYROSCOPE = 0.03  0.03  1.9   
0    0    0    0    0    0     
0    1    1    0    1    0     
1    1    1    1    0    1     
1    1    1    1    1    0     
0    1    1    1    1    1     
1    0    1    1    1    1     
0    1    1    1    1    0     
1    1    0    0    0    1     
0    0    1    1    1    0     
1    1    0    0    0    1     
0    0    1    1    1    0     
1    1    1    1    0    1     
1    1    1    1    1    0     
1    1    0    1    1    1     
0    1    1    1    1    1     
1    0    1    0    1    1     
1    1    1    1    0    1     
1    0    0    1    1    0     
1    1    1    0    1    1     
1    0    1    1    1    0     
0    1    0    0    1    1     
1    0    0    1    0    0     
1    1    1    0    1    1     
1    0    1    1    1    1     
0    1    0    1    1    1     
1    0    1    1    0    1     
0    1    0    1    1    1     
1    0    1    1    1    0     
0    1    0    1    0    1     
1    0    1    0    0    1     
0    1    0    1    1    0     
1    1    0    1    0    1     
1    1    1    1    1    0     
0    1    1    1    0    1     
1    0    1    0    1    1     
0    1    1    1    1    0     
1    1    0    1    0    1     
0    1    0    1    0    0     
0    1    1    0    1    0     
1    0    1    1    0    1     
1    1    1    1    1    0     
0    1    1    0    1    1     
1    0    0    1    1    0     
1    1    1    1    0    1     
1    1    0    1    1    0     
0    1    1    0    1    1     
1    0    1    1    1    1     
0    1    0    1    0    0     
1    1    0    0    0    1     
0    0    0    1    1    1     
0    1    1    0    0    1     
1    1    0    1    1    1     
0    1    0    1    0    0     
0    1    0    1    1    1     
1    1    0    0    0    0     
1    1    1    1    1    0     
0    1    0    0    0    1     
1    0    0    1    1    1     
0    1    1    1    0    1     
1    0    0    0    1    1     
1    1    1    1    0    0     
1    1    1    0    1    1     
0    1    0    1    1    0     
1    1    0    1    0    1     
1    1    0    1    1    0     
0    1    0    0    1    0     
0    0    1    1    1    1     
1    1    1    1    1    0     
1    0    0    0    1    1     
0    1    0    1    0    0     
0    1    0    1    0    0     
1    0    1    1    1    0     
0    1    1    1    0    1     
1    0    1    1    1    0     
0    1    0    1    1    1     
1    1    0    1    0    0     
0    1    0    1    0    0     
0    0    1    0    1    1     
1    1    1    0    0    0     
0    0    0    1    1    0     
1    1    1    0    0    1     
0    1    0    1    1    1     
0    1    1    1    0    0     
1    0    0    1    1    0     
1    1    1    0    1    0     
1    0    0    1    1    0     
1    1    1    0    0    1     
0    1    0    1    1    0     
1    0    1    0    1    1     
1    1    1    1    0    1     
0    0    0    1    1    0     
0    0    0    0    0    0     
1    1    1    0    0    0     
1    0    1    1    1    0     
0    1    0    0    1    1     
0    1    0    1    0    1     
1    1    1    1    0    1     
0    0    0    1    1    0     
0    1    0    1    0    1     
1    1    1    1    0    0     
0    0    1    1    1    1     
1    1    1    0    0    0     
0    0    0    1    1    1     
1    1    0    1    1    1     
0    1    0    1    0    0     
1    1    0    0    0    1     
0    0    1    1    0    0     
1    1    0    1    1    0     
0    1    0    1    1    1     
0    1    1    1    1    0     
1    1    0    0    0    1     
0    0    0    1    1    1     
1    1    0    1    0    1     
0    1    1    1    0    1     
1    0    1    0    1    1     
0    1    0    1    0    0     
1    0    0    0    1    1     
0    1    0    1    1    1     
1    1    1    1    0    1     
0    0    1    1    0    1     
____________________________________
Sat May 25 04:55:12 2024


PARAMETERS
NUMBER_NEURON = 6
ODOM_TEST = 1.7
VOLTAGE_TRESHOLD = 2
LEARNING_RATE = 0.1
LEAK_RATE_TEST = 1.5
TIME_ITERATION = 120
ITERATION_SPIKE_IN = 400
RANDOM_SEED_TEST_SNN = 27
RANDOM_SEED_TEST_GYRO = 31
RANDOM_SEED_TEST_IN = 10
THRESHOLD_COORDINATES = 0.043
THRESHOLD_GYROSCOPE = 0.03  0.03  1.9   
0    0    0    0    0    0     
0    1    1    0    1    0     
1    1    1    1    0    1     
1    1    1    1    1    0     
0    1    1    1    1    1     
1    0    1    1    1    1     
0    1    1    1    1    0     
1    1    0    0    0    1     
0    0    1    1    1    0     
1    1    0    0    0    1     
0    0    1    1    1    0     
1    1    1    1    0    1     
0    0    1    1    1    0     
1    1    0    0    1    1     
1    1    1    1    1    0     
0    0    1    1    1    1     
1    1    0    0    1    0     
0    0    1    1    1    1     
1    1    0    0    1    0     
0    1    1    1    1    1     
1    1    0    1    1    0     
0    0    1    1    1    1     
1    1    0    1    1    1     
1    0    1    1    1    1     
1    1    0    1    1    0     
1    0    1    0    1    0     
0    1    1    1    1    1     
1    1    1    1    1    1     
0    0    1    1    1    0     
1    1    1    0    1    0     
1    1    1    1    1    1     
0    1    1    1    1    0     
0    0    1    1    1    0     
0    0    0    0    1    0     
1    0    0    1    0    0     
0    1    1    1    1    1     
1    0    1    0    1    0     
0    0    1    1    1    0     
1    1    1    0    1    1     
0    0    1    1    1    0     
1    0    1    1    1    0     
1    0    1    1    1    0     
0    1    1    1    1    0     
1    0    1    0    1    1     
0    0    1    1    0    0     
0    1    0    1    1    0     
1    0    1    1    0    0     
1    0    0    1    1    1     
0    1    1    1    1    0     
0    0    1    1    1    0     
1    0    1    1    0    0     
0    1    1    0    0    0     
1    0    0    1    1    1     
0    0    1    1    1    1     
1    0    1    1    1    0     
1    1    1    1    1    0     
1    1    1    1    0    0     
1    0    1    1    1    0     
1    0    0    1    1    1     
1    0    1    1    0    0     
0    0    0    0    0    0     
1    1    1    1    0    1     
1    0    1    1    1    0     
0    1    1    0    1    0     
1    0    1    1    1    0     
1    1    0    1    0    0     
0    1    1    0    1    1     
0    0    1    1    1    1     
1    1    1    0    0    0     
0    0    0    1    1    0     
1    1    1    0    0    1     
0    0    1    1    1    1     
0    0    1    0    0    0     
0    1    0    0    0    0     
1    0    1    1    1    0     
1    0    0    1    0    0     
0    1    1    0    0    1     
0    0    1    0    1    1     
1    1    1    1    0    0     
0    0    1    1    1    0     
1    1    1    0    0    0     
0    0    1    0    1    1     
1    0    0    1    1    0     
0    1    1    0    0    0     
1    1    0    0    1    0     
0    0    1    1    1    1     
1    0    1    1    0    0     
0    1    1    0    1    1     
1    1    1    1    1    0     
1    0    1    1    1    0     
0    0    0    0    1    1     
1    0    1    1    0    0     
0    1    1    1    1    1     
1    0    1    1    1    0     
0    1    1    1    0    1     
1    1    1    0    1    0     
0    1    0    1    1    1     
0    0    1    1    1    0     
0    0    0    0    1    0     
1    0    1    0    0    0     
0    0    0    1    1    1     
1    1    1    0    1    0     
1    0    0    1    1    0     
0    0    1    1    1    1     
0    1    0    1    1    0     
1    0    1    1    1    0     
1    0    1    0    0    1     
0    1    1    1    1    0     
0    0    0    0    1    0     
0    0    1    0    1    1     
1    0    1    1    1    0     
1    1    0    1    1    1     
1    1    1    0    1    0     
0    0    1    1    1    1     
1    0    0    0    1    1     
1    1    1    0    0    1     
0    1    1    1    1    1     
0    0    1    0    1    1     
0    1    0    1    1    1     
0    0    1    1    0    0     
____________________________________
Sat May 25 05:13:14 2024


PARAMETERS
NUMBER_NEURON = 6
ODOM_TEST = 2
VOLTAGE_TRESHOLD = 2
LEARNING_RATE = 0.1
LEAK_RATE_TEST = 1.5
TIME_ITERATION = 120
ITERATION_SPIKE_IN = 400
RANDOM_SEED_TEST_SNN = 87
RANDOM_SEED_TEST_GYRO = 20
RANDOM_SEED_TEST_IN = 10
THRESHOLD_COORDINATES = 0.043
THRESHOLD_GYROSCOPE = 0.03  0.03  1.9   
____________________________________
Sat May 25 05:13:14 2024


PARAMETERS
NUMBER_NEURON = 6
ODOM_TEST = 2
VOLTAGE_TRESHOLD = 2
LEARNING_RATE = 0.1
LEAK_RATE_TEST = 1.5
TIME_ITERATION = 120
ITERATION_SPIKE_IN = 400
RANDOM_SEED_TEST_SNN = 87
RANDOM_SEED_TEST_GYRO = 20
RANDOM_SEED_TEST_IN = 10
THRESHOLD_COORDINATES = 0.043
THRESHOLD_GYROSCOPE = 0.03  0.03  1.9   
0    0    0    0    0    0     
0    1    0    0    1    1     
1    0    1    1    0    0     
0    1    1    1    1    1     
1    1    1    1    1    1     
1    1    1    1    1    1     
1    1    1    0    0    1     
0    0    1    1    1    0     
1    1    1    0    0    1     
0    1    1    1    1    1     
1    1    1    1    1    1     
0    0    1    1    1    1     
1    1    0    0    1    1     
1    0    1    1    0    1     
1    1    0    0    1    0     
0    0    1    1    0    1     
1    1    1    0    1    0     
0    0    1    1    0    1     
1    1    1    1    1    0     
1    1    1    1    0    1     
0    0    1    0    1    0     
0    1    0    1    0    1     
1    0    1    1    1    0     
0    1    0    1    0    1     
0    0    1    1    1    0     
1    1    0    0    0    1     
0    0    1    1    1    0     
1    1    1    1    1    1     
0    0    1    1    1    1     
0    1    1    1    0    1     
1    0    1    1    1    0     
0    1    0    0    0    1     
0    0    1    1    1    0     
1    1    0    0    0    1     
1    0    1    1    1    0     
0    1    0    0    0    1     
1    0    1    1    1    0     
1    1    0    0    1    1     
1    0    1    1    0    1     
1    1    0    1    0    1     
0    0    1    0    1    0     
0    1    0    0    0    1     
1    0    1    1    1    1     
0    1    0    0    0    1     
0    1    0    1    1    0     
0    1    1    0    0    1     
1    0    0    1    1    0     
1    1    1    0    0    1     
1    0    1    1    1    0     
0    1    1    1    0    1     
1    0    1    0    1    1     
0    1    1    1    0    1     
1    1    0    1    1    0     
1    0    1    0    0    1     
0    1    0    0    1    0     
0    0    0    1    0    1     
1    1    1    0    0    0     
0    0    0    1    1    1     
0    1    1    1    1    0     
1    0    0    0    1    1     
1    1    1    1    0    0     
0    0    1    0    1    1     
1    1    1    1    0    1     
1    0    0    1    1    0     
1    0    1    0    0    1     
1    1    1    1    1    0     
1    0    0    1    1    1     
1    1    1    0    0    1     
0    0    1    0    1    0     
1    1    0    1    0    1     
1    0    1    1    1    0     
1    1    0    0    0    1     
0    0    1    0    1    0     
1    1    0    1    0    1     
0    1    1    1    1    0     
1    0    0    1    0    1     
0    0    0    1    1    1     
1    1    1    1    0    0     
1    1    0    0    1    1     
0    0    1    0    1    1     
1    0    1    0    0    1     
1    1    1    0    1    1     
0    0    0    1    1    1     
1    0    0    0    0    1     
0    0    1    1    1    1     
1    1    1    0    1    1     
0    1    0    1    1    1     
1    1    1    0    1    0     
0    0    0    0    0    1     
1    1    0    1    1    0     
0    0    1    0    0    1     
1    0    0    1    1    0     
0    0    1    0    0    1     
1    0    0    0    1    1     
0    1    1    1    1    0     
1    0    0    0    0    1     
0    0    1    0    1    1     
1    0    1    1    0    1     
1    0    0    0    0    1     
0    1    1    1    1    0     
1    1    1    0    0    1     
0    1    0    0    1    1     
1    1    0    1    1    1     
1    1    1    0    1    1     
0    0    1    0    1    1     
1    1    0    1    0    1     
0    0    0    0    1    1     
0    1    1    1    1    0     
1    0    1    0    0    1     
0    0    0    1    1    1     
1    0    1    1    0    1     
0    0    0    1    1    1     
1    1    0    0    0    0     
0    0    1    0    1    1     
1    0    0    1    1    1     
0    1    1    0    0    1     
1    0    0    1    1    1     
0    1    1    0    1    1     
1    0    1    0    1    0     
0    0    0    1    1    1     
____________________________________
Sat May 25 05:30:59 2024


PARAMETERS
NUMBER_NEURON = 6
ODOM_TEST = 2
VOLTAGE_TRESHOLD = 2
LEARNING_RATE = 0.1
LEAK_RATE_TEST = 1.5
TIME_ITERATION = 120
ITERATION_SPIKE_IN = 400
RANDOM_SEED_TEST_SNN = 87
RANDOM_SEED_TEST_GYRO = 20
RANDOM_SEED_TEST_IN = 10
THRESHOLD_COORDINATES = 0.043
THRESHOLD_GYROSCOPE = 0.03  0.03  1.9   
0    0    0    0    0    0     
0    1    0    0    1    1     
1    0    1    1    0    0     
0    1    1    1    1    1     
1    1    1    1    1    1     
1    1    1    1    1    1     
1    1    1    0    0    1     
0    0    1    1    1    0     
1    1    1    0    0    1     
0    1    1    1    1    1     
1    1    1    1    1    1     
0    0    1    1    1    1     
1    1    0    0    1    1     
1    0    1    1    0    1     
1    1    0    0    1    0     
0    0    1    1    0    1     
1    1    1    0    1    0     
0    0    1    1    0    1     
1    1    1    1    1    0     
1    1    1    1    0    1     
0    0    1    0    1    0     
0    1    0    1    0    1     
1    0    1    1    1    0     
0    1    0    1    0    1     
0    0    1    1    1    0     
1    1    0    0    0    1     
0    0    1    1    1    0     
1    1    1    1    1    1     
0    0    1    1    1    1     
1    1    1    1    0    1     
1    0    1    1    1    1     
1    1    1    1    0    1     
1    1    1    0    1    1     
0    0    1    1    1    0     
1    1    1    1    0    1     
0    0    1    1    1    0     
1    1    0    1    1    0     
0    0    1    1    1    1     
0    0    0    1    0    0     
0    0    1    0    1    0     
1    1    0    1    0    0     
0    0    1    0    1    1     
0    0    0    1    0    0     
1    0    1    1    0    0     
0    1    1    0    1    1     
1    0    1    1    0    0     
0    1    0    0    1    0     
1    1    1    1    1    0     
0    1    1    1    1    0     
1    0    0    1    0    1     
0    0    1    1    1    0     
1    1    1    1    0    0     
1    1    1    1    1    0     
1    1    0    1    0    1     
0    0    1    1    1    0     
1    0    1    1    1    0     
0    0    1    1    1    1     
0    1    0    1    1    0     
1    1    1    1    1    0     
0    1    1    1    0    1     
1    0    1    1    1    1     
0    0    0    1    1    0     
1    0    1    0    0    0     
1    0    0    1    1    0     
1    1    1    1    0    1     
0    0    1    1    1    1     
0    0    1    1    1    0     
1    0    1    0    0    0     
1    1    0    1    1    1     
1    0    1    1    1    0     
1    0    1    0    0    1     
1    1    0    1    1    0     
1    1    1    0    0    0     
0    0    0    1    0    0     
0    0    1    0    1    1     
1    0    1    1    0    0     
0    1    1    0    1    0     
1    0    0    1    0    1     
0    1    1    0    1    0     
1    0    1    1    1    0     
0    0    1    0    0    0     
0    0    0    0    1    1     
1    1    1    1    0    0     
0    1    1    1    1    0     
1    1    1    0    0    1     
0    0    1    1    1    0     
0    1    1    1    0    0     
1    0    1    1    0    1     
1    1    1    1    1    0     
1    0    1    1    1    1     
0    0    1    1    1    0     
0    1    1    0    1    0     
1    1    0    1    0    0     
0    1    1    0    1    1     
1    0    1    1    1    1     
1    0    1    1    1    0     
0    0    1    1    1    1     
1    1    0    1    0    0     
1    0    1    1    1    0     
1    0    1    1    1    0     
0    1    0    0    0    0     
0    0    0    1    1    1     
0    1    1    0    0    0     
1    0    1    1    1    0     
0    1    1    0    1    0     
1    1    0    1    0    0     
1    0    1    1    1    1     
0    1    0    0    1    1     
0    0    1    1    0    1     
0    1    0    1    1    0     
1    0    1    0    0    0     
0    1    1    0    1    0     
1    1    1    1    0    1     
0    1    1    1    1    0     
1    1    0    0    1    0     
0    0    1    0    1    0     
0    1    0    1    0    1     
0    1    1    0    1    0     
1    1    0    1    0    1     
0    0    1    0    1    0     
____________________________________
Sat May 25 05:49:16 2024


PARAMETERS
NUMBER_NEURON = 6
ODOM_TEST = 2
VOLTAGE_TRESHOLD = 2
LEARNING_RATE = 0.1
LEAK_RATE_TEST = 1.5
TIME_ITERATION = 120
ITERATION_SPIKE_IN = 400
RANDOM_SEED_TEST_SNN = 87
RANDOM_SEED_TEST_GYRO = 20
RANDOM_SEED_TEST_IN = 10
THRESHOLD_COORDINATES = 0.043
THRESHOLD_GYROSCOPE = 0.03  0.03  1.9   
0    0    0    0    0    0     
0    1    0    0    1    1     
1    0    1    1    0    0     
0    1    1    1    1    1     
1    1    1    1    1    1     
1    1    1    1    1    1     
1    1    1    0    0    1     
0    0    1    1    1    0     
1    1    1    0    0    1     
0    1    1    1    1    1     
1    1    1    1    0    1     
1    0    1    1    1    1     
0    1    0    0    0    1     
1    0    1    0    1    0     
1    1    1    1    0    1     
1    0    1    0    1    1     
0    1    0    1    0    1     
1    0    1    0    1    1     
1    1    1    1    1    1     
1    1    1    0    1    1     
0    0    1    1    1    0     
1    1    0    1    1    1     
1    0    1    1    1    1     
0    1    0    0    0    1     
1    0    1    1    1    0     
0    1    0    0    0    1     
1    0    1    1    1    0     
0    1    1    1    0    1     
1    0    0    0    0    0     
1    1    1    1    0    0     
1    1    0    0    1    1     
0    1    1    1    0    0     
1    1    0    0    1    0     
0    0    1    1    0    1     
1    1    1    0    0    0     
1    0    0    1    1    0     
0    1    1    1    1    1     
1    1    1    0    1    1     
0    0    0    1    1    0     
1    1    1    0    1    1     
0    0    0    1    0    0     
1    1    1    1    0    1     
0    0    0    1    1    0     
1    1    1    1    0    1     
0    1    1    1    1    0     
1    0    1    0    1    0     
1    0    1    1    0    1     
1    1    0    1    1    1     
1    0    1    1    1    0     
1    0    0    1    0    1     
0    1    0    1    1    0     
1    0    1    1    0    1     
0    1    1    1    1    0     
1    1    1    0    1    0     
1    0    0    0    1    1     
0    1    0    1    1    0     
1    0    1    0    0    1     
1    0    1    1    1    0     
1    1    0    0    1    1     
1    0    1    1    0    1     
1    1    0    1    0    0     
0    0    1    0    1    0     
1    0    1    0    0    1     
0    0    0    1    0    0     
1    1    0    0    0    0     
0    0    1    1    1    1     
1    0    0    0    1    1     
1    0    0    0    1    1     
0    1    0    1    0    0     
1    0    1    1    0    1     
1    0    1    0    1    0     
1    1    1    1    1    1     
1    1    1    1    1    1     
1    0    1    0    1    1     
0    0    0    1    1    1     
1    1    1    0    0    1     
0    1    0    1    1    1     
1    0    1    1    0    0     
1    0    1    0    1    0     
1    1    0    1    1    1     
1    1    1    0    1    1     
0    0    0    1    1    0     
1    1    1    0    1    1     
1    1    0    1    1    0     
1    0    1    0    1    0     
0    0    1    1    1    1     
1    1    0    0    1    1     
0    0    1    1    1    0     
1    0    1    0    1    1     
1    1    1    1    1    0     
1    0    1    0    1    1     
1    1    1    1    1    0     
1    1    1    0    0    1     
0    0    0    1    1    0     
1    0    1    0    0    0     
0    0    0    1    1    1     
1    0    1    0    1    1     
1    1    0    1    1    1     
1    0    1    1    1    0     
0    0    1    0    0    1     
1    0    0    1    1    0     
1    0    1    1    1    1     
0    1    1    1    1    0     
1    0    1    0    0    1     
1    0    1    1    1    0     
0    0    1    1    0    1     
1    1    0    0    1    0     
1    1    1    1    0    1     
1    0    0    0    1    0     
0    0    1    0    0    0     
0    0    0    1    1    1     
1    0    1    0    0    0     
0    1    0    1    1    0     
1    0    1    1    0    1     
0    1    1    1    1    0     
1    1    1    0    0    1     
0    0    0    1    1    0     
0    0    1    0    0    1     
1    0    0    1    0    0     
1    0    0    1    1    0     
____________________________________
Sat May 25 06:08:02 2024


PARAMETERS
NUMBER_NEURON = 6
ODOM_TEST = 2
VOLTAGE_TRESHOLD = 2
LEARNING_RATE = 0.1
LEAK_RATE_TEST = 1.5
TIME_ITERATION = 120
ITERATION_SPIKE_IN = 400
RANDOM_SEED_TEST_SNN = 87
RANDOM_SEED_TEST_GYRO = 20
RANDOM_SEED_TEST_IN = 10
THRESHOLD_COORDINATES = 0.043
THRESHOLD_GYROSCOPE = 0.03  0.03  1.9   
0    0    0    0    0    0     
0    1    0    0    1    1     
1    0    1    1    0    0     
0    1    1    1    1    1     
1    1    1    1    1    1     
1    1    1    1    1    1     
1    1    1    0    0    1     
0    0    1    1    1    0     
1    1    1    0    0    1     
0    1    1    1    1    1     
1    1    1    1    1    1     
0    0    1    1    1    1     
1    1    0    0    1    1     
1    0    1    1    0    1     
1    1    0    0    1    0     
0    0    1    1    0    1     
1    1    1    0    1    0     
0    0    1    1    0    1     
1    1    1    1    1    0     
1    1    1    1    0    1     
0    0    1    0    1    0     
0    1    0    1    0    1     
1    0    1    1    1    0     
0    1    0    1    0    1     
0    0    1    1    1    0     
1    1    0    0    0    1     
0    0    1    1    1    0     
1    1    1    1    1    1     
1    0    1    1    1    1     
0    1    1    1    0    1     
1    1    0    0    1    1     
0    0    1    1    1    0     
1    1    0    0    1    1     
0    1    1    1    1    0     
1    0    1    1    1    1     
0    1    0    0    0    1     
1    1    1    1    1    0     
0    0    1    1    1    1     
1    1    0    1    0    0     
0    0    1    1    1    1     
1    1    0    0    0    0     
0    0    1    1    1    1     
1    1    1    0    1    1     
1    0    0    1    1    0     
0    1    1    0    1    1     
1    0    0    1    0    1     
1    1    1    0    0    0     
0    1    0    1    1    1     
1    1    1    1    1    0     
1    0    0    1    1    1     
1    1    1    0    1    0     
1    0    0    1    1    1     
0    1    1    0    1    0     
1    0    1    1    1    0     
0    1    1    0    1    1     
1    1    0    1    1    0     
0    1    1    0    1    1     
1    0    0    1    0    1     
0    1    1    0    0    0     
1    0    0    0    0    0     
0    0    1    1    1    1     
1    1    0    1    1    0     
1    0    1    0    1    0     
1    1    1    0    0    1     
0    0    1    1    0    0     
1    1    1    1    1    0     
1    0    1    0    0    1     
0    1    1    1    1    0     
1    1    1    0    1    1     
0    0    1    1    0    0     
1    1    0    1    1    0     
1    1    1    0    0    1     
0    1    1    1    1    1     
1    1    1    1    1    0     
0    1    1    1    1    0     
1    1    0    0    1    0     
1    0    1    1    1    1     
1    1    1    1    0    1     
1    0    1    0    1    0     
0    1    0    1    0    0     
1    0    1    1    1    1     
0    1    1    0    0    1     
1    1    0    1    1    0     
1    0    1    0    1    1     
1    1    1    0    0    0     
0    0    1    1    1    1     
0    1    0    0    1    0     
0    0    1    0    1    0     
1    1    0    1    0    0     
0    1    1    0    1    1     
0    1    1    0    0    1     
1    0    0    1    1    1     
1    1    1    1    1    0     
0    1    0    0    0    0     
0    1    0    1    0    0     
1    0    1    1    0    1     
1    1    0    1    1    1     
0    1    1    0    0    0     
0    0    0    0    1    0     
1    1    0    1    0    0     
0    1    1    0    0    0     
1    0    0    1    1    1     
0    1    1    1    0    1     
0    0    0    0    1    1     
0    1    1    0    0    0     
0    0    1    1    1    1     
1    1    1    1    1    1     
0    1    1    0    1    1     
0    0    1    1    1    0     
1    1    1    0    0    0     
0    1    1    1    1    0     
1    0    0    0    0    0     
0    1    1    0    1    1     
0    1    1    1    1    0     
1    0    0    0    0    0     
1    1    1    0    0    0     
1    0    0    1    1    1     
1    1    1    0    0    1     
0    0    1    1    1    0     
0    1    0    0    1    1     
____________________________________
Sat May 25 06:26:13 2024


PARAMETERS
NUMBER_NEURON = 6
ODOM_TEST = 1.4
VOLTAGE_TRESHOLD = 2
LEARNING_RATE = 0.1
LEAK_RATE_TEST = 1.5
TIME_ITERATION = 120
ITERATION_SPIKE_IN = 400
RANDOM_SEED_TEST_SNN = 40
RANDOM_SEED_TEST_GYRO = 20
RANDOM_SEED_TEST_IN = 10
THRESHOLD_COORDINATES = 0.043
THRESHOLD_GYROSCOPE = 0.03  0.03  1.9   
____________________________________
Sat May 25 06:26:13 2024


PARAMETERS
NUMBER_NEURON = 6
ODOM_TEST = 1.4
VOLTAGE_TRESHOLD = 2
LEARNING_RATE = 0.1
LEAK_RATE_TEST = 1.5
TIME_ITERATION = 120
ITERATION_SPIKE_IN = 400
RANDOM_SEED_TEST_SNN = 40
RANDOM_SEED_TEST_GYRO = 20
RANDOM_SEED_TEST_IN = 10
THRESHOLD_COORDINATES = 0.043
THRESHOLD_GYROSCOPE = 0.03  0.03  1.9   
0    0    0    0    0    0     
0    1    0    0    1    1     
1    0    1    1    1    0     
0    1    1    1    1    1     
1    1    0    1    1    0     
0    1    1    0    0    1     
1    1    0    1    1    0     
0    1    1    0    1    1     
1    0    0    1    1    0     
0    1    1    1    1    1     
1    0    1    1    0    0     
0    1    0    1    1    1     
1    1    1    1    0    1     
1    0    0    1    1    1     
1    1    1    0    0    0     
0    0    0    1    1    1     
1    1    1    0    1    0     
0    1    0    1    0    1     
1    0    1    0    1    0     
0    1    1    1    0    1     
1    0    0    1    1    0     
0    1    1    1    1    1     
1    0    0    1    1    0     
0    1    1    1    1    1     
1    0    0    1    1    0     
1    1    0    1    0    1     
1    0    1    1    1    1     
1    1    0    1    1    0     
0    0    0    1    0    1     
1    1    1    0    1    0     
0    0    1    1    0    1     
1    0    1    1    1    0     
1    1    1    1    0    1     
1    1    0    1    1    1     
0    0    0    0    0    1     
1    0    1    1    1    0     
0    1    0    1    0    1     
1    1    0    0    1    1     
0    1    0    1    0    1     
1    0    1    1    1    1     
0    1    0    1    0    1     
1    1    1    1    1    0     
0    1    0    1    0    1     
1    0    0    1    1    0     
0    1    0    1    1    1     
1    1    0    1    0    1     
0    0    1    1    1    1     
1    1    0    1    0    1     
1    0    0    1    1    1     
0    1    0    1    1    1     
1    0    1    1    1    0     
0    1    1    1    0    1     
0    0    0    0    1    0     
1    1    1    1    0    1     
0    1    0    1    1    0     
1    0    1    0    1    1     
0    1    0    1    0    1     
1    0    1    1    1    0     
0    1    1    0    1    1     
0    1    0    1    1    1     
1    0    1    0    0    1     
1    1    1    1    0    0     
0    1    0    1    1    1     
1    0    0    0    0    0     
0    1    0    1    1    1     
0    0    1    0    0    0     
1    1    0    1    1    0     
1    1    1    0    1    1     
1    1    1    1    0    1     
1    0    0    1    0    0     
0    1    1    1    0    0     
0    1    0    0    0    1     
1    0    1    1    1    0     
1    1    0    0    0    1     
1    0    1    1    1    0     
1    1    0    1    1    1     
0    1    1    1    0    1     
1    0    1    0    0    1     
0    1    0    1    1    1     
1    1    0    0    1    0     
0    1    1    0    1    1     
1    0    0    1    0    0     
0    1    1    0    0    1     
1    0    1    1    0    0     
0    1    0    0    1    1     
1    0    0    1    1    1     
0    1    1    1    1    0     
1    1    0    0    0    1     
0    1    1    1    0    0     
1    1    1    1    1    1     
1    1    0    1    0    1     
1    1    1    0    0    0     
1    1    1    1    1    1     
1    1    0    0    1    1     
1    1    0    1    0    0     
1    0    1    0    0    0     
0    1    0    1    1    1     
1    0    0    0    0    0     
1    1    1    0    1    0     
1    1    0    1    1    1     
1    1    1    0    0    0     
1    0    0    1    0    1     
0    1    1    1    1    0     
1    1    0    0    1    1     
0    0    0    1    1    1     
1    1    0    1    0    1     
1    0    1    1    1    0     
0    1    1    0    1    1     
1    0    1    1    0    0     
0    1    0    0    0    1     
0    1    0    1    1    1     
1    1    0    1    0    1     
0    0    1    0    1    1     
1    1    0    1    0    1     
1    1    1    0    0    0     
0    1    1    1    0    1     
1    0    0    1    1    0     
1    0    0    0    1    0     
1    1    0    0    0    1     
1    0    1    1    1    1     
____________________________________
Sat May 25 06:43:51 2024


PARAMETERS
NUMBER_NEURON = 6
ODOM_TEST = 1.4
VOLTAGE_TRESHOLD = 2
LEARNING_RATE = 0.1
LEAK_RATE_TEST = 1.5
TIME_ITERATION = 120
ITERATION_SPIKE_IN = 400
RANDOM_SEED_TEST_SNN = 40
RANDOM_SEED_TEST_GYRO = 20
RANDOM_SEED_TEST_IN = 10
THRESHOLD_COORDINATES = 0.043
THRESHOLD_GYROSCOPE = 0.03  0.03  1.9   
0    0    0    0    0    0     
0    1    0    0    1    1     
1    0    1    1    1    0     
0    1    1    1    1    1     
1    1    0    1    1    0     
0    1    1    0    0    1     
1    1    0    1    1    0     
0    1    1    0    1    1     
1    0    0    1    1    0     
0    1    1    1    1    1     
1    0    1    1    0    0     
0    1    0    1    1    1     
1    1    1    1    0    1     
1    0    0    1    1    1     
1    1    1    0    0    0     
0    0    0    1    1    1     
1    1    1    0    1    0     
0    1    0    1    0    1     
1    0    1    0    1    0     
0    1    1    1    0    1     
1    0    0    1    1    0     
0    1    1    1    1    1     
1    0    0    1    1    0     
0    1    1    1    1    1     
1    0    0    1    1    0     
1    1    1    1    1    1     
1    0    0    1    1    1     
1    1    1    0    1    1     
1    1    1    1    1    1     
1    0    0    1    1    0     
1    1    1    0    0    1     
1    0    1    1    1    0     
0    1    0    1    1    0     
1    0    1    1    1    1     
1    1    0    1    1    0     
0    0    0    1    1    1     
1    0    0    0    0    0     
1    1    0    0    1    0     
0    1    1    1    1    1     
1    1    0    1    1    1     
1    0    0    0    1    0     
1    0    1    1    0    1     
1    1    0    1    1    1     
1    1    0    1    1    0     
0    0    1    0    1    1     
1    0    1    1    0    1     
1    1    0    0    1    1     
1    0    1    1    1    0     
1    1    1    0    0    1     
0    1    0    1    1    0     
1    0    1    1    0    1     
0    1    1    0    1    0     
1    0    1    1    1    1     
0    1    0    1    1    0     
1    0    1    0    1    1     
0    1    0    1    1    1     
1    0    0    1    1    1     
0    1    0    0    1    0     
1    0    0    1    0    1     
0    1    1    1    1    1     
1    1    1    1    1    0     
1    0    0    1    1    1     
1    1    0    0    1    1     
0    0    1    0    1    0     
0    0    0    1    0    0     
1    1    0    1    1    1     
0    0    1    1    1    0     
0    0    1    1    1    0     
1    1    1    1    1    1     
0    1    1    1    1    0     
0    0    1    1    1    1     
1    0    0    1    1    0     
0    1    1    0    1    1     
0    0    0    1    1    1     
1    0    1    1    1    0     
0    1    1    1    1    0     
0    0    0    1    1    1     
1    0    1    0    1    1     
0    0    1    1    1    1     
1    0    0    1    1    1     
1    1    0    0    1    1     
1    0    1    1    1    1     
0    0    0    1    1    0     
0    0    1    0    0    1     
1    0    0    1    1    0     
1    1    0    0    0    0     
1    0    1    1    1    1     
1    0    1    0    1    0     
0    0    1    1    1    0     
1    1    1    0    0    0     
0    1    1    1    1    1     
1    0    1    0    1    0     
1    0    1    1    1    1     
1    1    1    0    1    0     
1    1    1    1    0    1     
1    0    1    1    1    1     
1    1    0    1    1    1     
1    0    1    0    1    0     
0    0    1    1    0    0     
1    0    1    1    1    1     
1    0    1    1    1    1     
1    1    1    1    1    0     
1    1    1    0    1    1     
1    1    1    1    1    0     
0    0    0    0    1    1     
1    1    1    0    0    0     
0    0    0    1    1    1     
1    0    1    0    1    0     
0    0    1    0    0    0     
0    0    0    1    0    0     
1    1    1    1    1    0     
1    1    1    0    0    1     
0    0    1    0    1    0     
0    0    1    1    0    0     
1    0    1    0    0    1     
1    1    1    0    1    0     
1    0    0    1    0    1     
1    0    1    0    1    0     
0    0    0    0    0    0     
0    0    1    1    0    1     
____________________________________
Sat May 25 07:01:55 2024


PARAMETERS
NUMBER_NEURON = 6
ODOM_TEST = 1.4
VOLTAGE_TRESHOLD = 2
LEARNING_RATE = 0.1
LEAK_RATE_TEST = 1.5
TIME_ITERATION = 120
ITERATION_SPIKE_IN = 400
RANDOM_SEED_TEST_SNN = 40
RANDOM_SEED_TEST_GYRO = 20
RANDOM_SEED_TEST_IN = 10
THRESHOLD_COORDINATES = 0.043
THRESHOLD_GYROSCOPE = 0.03  0.03  1.9   
0    0    0    0    0    0     
0    1    0    0    1    1     
1    0    1    1    1    0     
0    1    1    1    1    1     
1    1    0    1    1    0     
0    1    1    0    0    1     
1    1    0    1    1    0     
0    1    1    0    1    1     
1    0    0    1    1    0     
0    1    1    1    1    1     
1    0    1    1    0    0     
0    1    0    1    1    1     
1    1    1    1    0    1     
1    0    0    1    1    1     
1    1    1    0    0    0     
0    0    0    1    1    1     
1    1    1    0    1    0     
0    1    0    1    0    1     
1    0    1    0    1    0     
0    1    1    1    0    1     
1    0    0    1    1    0     
0    1    1    1    1    1     
1    0    0    1    1    0     
0    1    1    1    1    1     
1    0    0    1    1    0     
0    1    1    1    0    1     
1    0    0    1    1    0     
0    1    1    1    1    1     
1    0    0    1    1    0     
1    1    1    1    0    1     
1    0    1    1    1    1     
1    1    0    1    1    0     
0    0    1    1    1    1     
1    1    0    1    1    1     
1    0    0    1    1    0     
1    1    1    0    1    1     
1    0    0    1    1    0     
0    1    1    0    0    1     
1    1    0    1    1    0     
1    1    0    1    1    1     
1    0    1    1    1    0     
0    1    0    1    0    0     
1    0    0    1    1    1     
1    1    0    1    0    0     
0    0    1    1    1    0     
1    1    0    1    1    1     
1    0    1    1    1    0     
0    1    1    1    0    0     
1    0    1    1    1    1     
1    1    1    0    1    0     
0    0    1    1    0    0     
1    0    0    0    1    0     
1    1    1    1    0    1     
1    1    1    1    1    0     
0    1    1    1    1    0     
1    0    1    1    1    1     
1    0    0    0    1    0     
0    1    1    0    1    0     
1    0    0    1    0    0     
1    0    1    0    1    1     
1    1    0    1    1    0     
0    0    1    1    1    1     
1    1    0    0    1    1     
0    0    1    1    0    0     
1    0    0    0    1    1     
1    0    1    1    1    1     
1    1    0    1    0    0     
1    1    1    1    1    0     
0    0    1    1    1    1     
1    0    1    1    0    1     
1    1    0    0    1    0     
0    0    1    1    1    0     
0    1    0    0    1    1     
1    0    1    1    1    0     
0    1    1    0    0    1     
1    1    0    1    1    0     
1    0    1    1    1    0     
0    1    0    1    1    1     
1    0    1    0    0    0     
0    0    1    1    1    0     
0    1    1    0    1    1     
1    1    1    1    0    0     
0    1    0    0    1    1     
0    1    1    1    0    0     
1    1    1    1    1    0     
0    0    0    1    1    0     
0    1    0    0    1    1     
0    0    1    1    1    0     
1    1    0    0    1    0     
0    1    1    1    1    1     
1    1    0    1    0    0     
1    1    1    1    1    0     
0    0    0    0    1    0     
1    0    1    1    1    1     
1    1    1    0    1    0     
0    0    0    1    1    0     
1    1    1    0    1    0     
1    0    0    1    1    0     
0    0    1    1    1    1     
0    0    1    0    0    1     
1    0    1    1    0    0     
1    1    0    1    1    1     
0    0    1    1    1    1     
1    0    0    0    0    0     
1    0    0    1    0    0     
0    1    0    0    1    0     
1    0    1    1    0    0     
0    1    0    1    1    1     
1    0    0    1    0    1     
1    0    1    0    0    0     
0    0    1    1    1    1     
1    0    0    1    0    0     
0    1    0    0    0    1     
1    1    1    1    1    0     
0    0    0    1    0    1     
1    0    0    0    0    1     
0    0    1    1    1    0     
1    0    0    0    0    1     
0    1    0    1    0    0     
1    1    1    0    1    1     
____________________________________
Sat May 25 07:19:35 2024


PARAMETERS
NUMBER_NEURON = 6
ODOM_TEST = 1.4
VOLTAGE_TRESHOLD = 2
LEARNING_RATE = 0.1
LEAK_RATE_TEST = 1.5
TIME_ITERATION = 120
ITERATION_SPIKE_IN = 400
RANDOM_SEED_TEST_SNN = 40
RANDOM_SEED_TEST_GYRO = 20
RANDOM_SEED_TEST_IN = 10
THRESHOLD_COORDINATES = 0.043
THRESHOLD_GYROSCOPE = 0.03  0.03  1.9   
0    0    0    0    0    0     
0    1    0    0    1    1     
1    0    1    1    1    0     
0    1    1    1    1    1     
1    1    0    1    1    0     
0    1    1    0    0    1     
1    1    0    1    1    0     
0    1    1    0    1    1     
1    0    0    1    1    0     
0    1    1    1    1    1     
1    0    1    1    0    0     
0    1    0    1    1    1     
1    1    1    1    0    1     
1    0    0    1    1    1     
1    1    1    0    0    0     
0    0    0    1    1    1     
1    1    1    0    1    0     
0    1    0    1    0    1     
1    0    1    0    1    0     
0    1    1    1    0    1     
1    0    0    1    1    0     
0    1    1    1    1    1     
1    0    0    1    1    0     
0    1    1    1    1    1     
1    0    0    1    1    0     
0    1    0    1    0    1     
1    0    1    1    1    0     
1    1    0    1    1    1     
1    0    0    1    1    1     
0    1    1    0    1    1     
1    0    0    1    1    1     
1    0    0    1    1    0     
1    1    1    1    0    1     
1    0    0    1    1    0     
0    1    0    0    1    1     
1    0    1    1    0    0     
1    0    0    1    1    1     
0    1    1    0    1    0     
1    0    0    1    0    1     
1    1    0    0    1    1     
1    0    1    1    1    0     
0    1    0    1    1    1     
1    1    0    1    1    1     
1    0    1    1    1    0     
1    1    0    1    1    0     
0    0    0    0    1    1     
0    0    0    1    0    1     
1    0    1    0    1    1     
1    1    0    1    0    1     
1    0    0    1    1    0     
1    1    0    0    1    1     
1    0    0    1    0    1     
0    1    1    1    1    0     
1    0    0    1    1    1     
0    0    0    0    0    0     
0    1    0    0    1    0     
1    0    1    1    1    1     
0    1    0    0    1    1     
1    1    0    1    0    0     
0    0    1    0    1    1     
1    0    0    1    1    0     
1    1    1    1    0    0     
0    1    0    1    1    1     
1    1    1    0    0    1     
1    0    1    1    1    0     
0    1    1    0    0    1     
1    0    0    0    1    1     
0    0    0    1    0    0     
0    1    0    0    1    1     
0    0    1    1    1    0     
1    0    0    0    1    1     
0    1    1    1    1    0     
1    0    0    1    0    1     
1    0    0    1    1    0     
0    1    1    0    1    1     
1    0    0    1    1    1     
0    0    0    0    0    0     
1    0    0    1    0    0     
1    1    0    1    1    1     
0    0    1    1    1    0     
1    0    0    1    1    1     
1    1    1    0    1    0     
1    1    1    1    0    1     
1    0    0    0    1    1     
0    0    1    1    1    0     
1    1    1    0    0    1     
0    0    0    1    1    1     
0    0    1    0    1    1     
1    0    0    1    0    1     
0    0    1    1    1    0     
1    1    0    0    1    0     
1    0    1    1    1    1     
0    1    1    1    1    0     
1    0    1    1    0    1     
0    0    0    1    1    0     
0    1    1    0    0    1     
1    1    0    1    1    0     
0    0    1    0    1    1     
1    1    1    1    0    0     
0    1    1    1    1    1     
1    1    0    1    1    0     
0    0    1    1    1    1     
1    0    0    1    1    0     
0    1    1    0    1    1     
1    0    0    1    0    1     
0    0    1    1    1    0     
1    0    0    0    1    1     
0    0    1    1    1    0     
1    1    0    1    1    1     
1    1    1    1    1    0     
0    0    1    1    1    1     
1    0    0    1    0    0     
0    0    0    1    1    1     
0    1    1    1    1    0     
1    1    0    0    0    0     
0    0    1    1    0    1     
1    1    0    0    1    1     
0    1    1    1    1    0     
1    0    0    0    0    0     
0    1    1    1    1    0     
____________________________________
Sat May 25 07:36:02 2024


PARAMETERS
NUMBER_NEURON = 6
ODOM_TEST = 1.5
VOLTAGE_TRESHOLD = 2
LEARNING_RATE = 0.1
LEAK_RATE_TEST = 1.5
TIME_ITERATION = 120
ITERATION_SPIKE_IN = 400
RANDOM_SEED_TEST_SNN = 11
RANDOM_SEED_TEST_GYRO = 20
RANDOM_SEED_TEST_IN = 10
THRESHOLD_COORDINATES = 0.043
THRESHOLD_GYROSCOPE = 0.03  0.03  1.9   
____________________________________
Sat May 25 07:36:02 2024


PARAMETERS
NUMBER_NEURON = 6
ODOM_TEST = 1.5
VOLTAGE_TRESHOLD = 2
LEARNING_RATE = 0.1
LEAK_RATE_TEST = 1.5
TIME_ITERATION = 120
ITERATION_SPIKE_IN = 400
RANDOM_SEED_TEST_SNN = 11
RANDOM_SEED_TEST_GYRO = 20
RANDOM_SEED_TEST_IN = 10
THRESHOLD_COORDINATES = 0.043
THRESHOLD_GYROSCOPE = 0.03  0.03  1.9   
0    0    0    0    0    0     
0    1    0    0    1    1     
1    0    1    1    1    1     
1    1    1    1    1    1     
1    1    1    0    1    0     
0    0    0    1    1    1     
1    1    1    0    1    1     
1    1    1    1    0    1     
0    0    0    1    1    0     
1    0    1    1    1    1     
0    1    1    0    0    1     
1    1    0    1    1    1     
1    1    1    1    0    0     
0    0    0    1    1    1     
1    0    1    0    0    1     
1    1    1    1    1    1     
0    1    1    0    1    1     
1    0    1    1    0    1     
1    1    1    0    1    0     
1    0    1    1    1    1     
1    1    1    0    0    1     
0    0    0    0    1    0     
0    0    0    1    0    1     
0    0    1    1    0    0     
1    1    0    0    1    1     
0    0    1    1    0    0     
0    1    0    0    1    1     
0    0    1    1    1    0     
0    1    1    0    0    1     
1    1    1    1    1    1     
0    0    1    1    1    0     
0    0    1    1    1    1     
0    1    1    0    0    0     
1    1    0    1    1    1     
0    1    1    1    1    1     
0    0    1    1    0    0     
0    1    1    0    1    1     
0    1    1    1    1    0     
1    1    1    1    1    1     
1    0    1    1    1    1     
0    1    1    0    0    0     
0    0    0    1    1    0     
0    1    1    0    0    1     
0    0    1    1    1    0     
1    1    1    0    0    1     
0    1    1    1    1    0     
0    1    1    0    0    1     
1    0    1    1    1    0     
0    1    1    1    0    1     
0    0    1    1    1    0     
0    1    1    1    0    1     
0    0    1    1    1    0     
1    1    1    0    1    0     
1    0    1    1    0    1     
0    1    1    1    1    0     
0    0    0    1    1    1     
0    1    1    1    1    0     
0    1    0    0    1    1     
1    1    1    1    0    0     
0    1    0    1    1    1     
0    1    1    1    0    1     
1    0    1    1    1    0     
0    1    1    0    0    1     
1    0    1    1    1    1     
0    0    1    0    0    0     
0    0    0    1    1    1     
1    1    1    0    0    1     
1    0    1    1    1    0     
0    0    0    1    1    1     
0    0    1    1    0    1     
0    0    1    0    1    1     
0    1    0    1    0    1     
1    0    1    0    1    0     
0    1    0    1    0    1     
1    0    1    1    1    0     
1    1    0    1    0    1     
0    0    1    0    1    0     
0    1    0    1    1    1     
1    1    1    0    1    1     
0    0    0    1    0    1     
0    1    1    0    1    0     
0    0    1    1    0    1     
0    1    1    0    1    1     
1    1    1    1    1    1     
0    0    1    0    1    1     
1    0    1    1    0    0     
0    1    1    0    1    1     
0    0    0    1    0    0     
0    0    1    0    1    1     
1    1    0    1    1    1     
0    1    1    0    1    1     
1    0    1    1    0    0     
0    0    0    1    1    1     
1    0    1    0    1    0     
0    1    1    1    0    1     
1    1    1    0    1    0     
0    0    1    1    1    1     
1    1    1    0    1    0     
0    1    1    1    1    1     
1    1    1    0    1    0     
1    0    0    0    1    1     
1    1    1    1    1    1     
0    0    1    0    1    1     
1    0    1    1    1    0     
0    0    0    1    1    1     
1    0    1    0    1    0     
0    1    1    1    0    1     
1    0    1    0    1    1     
1    0    1    0    1    1     
0    1    0    0    1    1     
1    0    1    1    0    1     
1    0    0    0    1    1     
0    0    1    0    0    0     
1    0    0    0    1    1     
0    1    1    1    1    0     
1    0    1    0    1    1     
1    0    0    0    1    1     
0    0    1    0    1    1     
1    0    0    1    0    1     
0    1    1    0    1    1     
____________________________________
Sat May 25 07:53:29 2024


PARAMETERS
NUMBER_NEURON = 6
ODOM_TEST = 1.5
VOLTAGE_TRESHOLD = 2
LEARNING_RATE = 0.1
LEAK_RATE_TEST = 1.5
TIME_ITERATION = 120
ITERATION_SPIKE_IN = 400
RANDOM_SEED_TEST_SNN = 11
RANDOM_SEED_TEST_GYRO = 20
RANDOM_SEED_TEST_IN = 10
THRESHOLD_COORDINATES = 0.043
THRESHOLD_GYROSCOPE = 0.03  0.03  1.9   
0    0    0    0    0    0     
0    1    0    0    1    1     
1    0    1    1    1    1     
1    1    1    1    1    1     
1    1    1    0    1    0     
0    0    0    1    1    1     
1    1    1    0    1    1     
1    1    1    1    0    1     
0    0    0    1    1    0     
1    0    1    1    1    1     
0    1    1    0    0    1     
1    1    0    1    1    1     
1    1    1    1    0    0     
0    0    0    1    1    1     
1    0    1    0    0    1     
1    1    1    1    1    1     
0    1    1    0    1    1     
1    0    1    1    0    1     
1    1    1    0    1    0     
1    0    1    1    1    1     
1    1    1    0    0    0     
0    0    0    0    1    1     
1    0    1    1    0    0     
0    1    1    0    1    1     
1    0    0    1    1    0     
0    1    1    0    0    1     
1    0    0    1    1    0     
1    1    1    0    0    1     
0    1    1    1    1    1     
1    0    0    0    1    1     
0    0    1    1    0    0     
1    1    0    0    1    1     
0    0    1    1    0    0     
1    0    0    0    1    1     
0    1    1    1    0    0     
1    1    1    0    1    1     
1    0    1    1    1    0     
1    1    1    0    0    1     
0    1    1    1    1    0     
1    0    1    1    1    1     
1    0    1    1    0    0     
1    1    1    0    1    0     
0    1    1    1    1    1     
1    1    1    0    0    1     
0    0    1    1    1    1     
1    0    1    0    0    0     
0    0    0    1    0    0     
1    1    1    1    0    1     
1    0    1    1    1    0     
1    0    1    1    0    0     
1    0    1    0    0    0     
1    1    0    1    1    1     
1    0    1    1    0    1     
1    1    1    1    1    0     
1    1    1    0    0    1     
1    0    1    1    1    0     
1    1    1    0    0    0     
0    0    0    1    0    0     
1    0    1    1    0    0     
1    0    0    0    1    1     
1    1    1    1    0    1     
1    0    1    0    0    1     
1    0    1    1    1    0     
1    0    0    0    1    1     
1    1    1    1    1    0     
1    0    0    0    0    1     
0    0    0    1    1    0     
1    0    1    0    0    1     
1    1    1    1    1    1     
1    0    1    1    1    1     
1    0    0    1    0    1     
1    0    1    1    1    1     
1    0    0    1    1    1     
1    1    1    1    0    1     
1    1    0    0    1    1     
1    0    1    1    0    1     
0    0    1    0    1    0     
1    0    0    1    0    1     
0    0    1    0    1    0     
1    1    0    1    0    1     
1    0    1    0    1    1     
1    0    0    0    0    1     
1    0    0    1    1    0     
1    0    1    1    0    1     
0    1    0    0    0    1     
1    1    0    0    1    0     
1    0    1    1    0    1     
0    1    0    1    1    0     
1    1    1    1    0    0     
0    0    1    0    1    1     
1    0    1    1    0    0     
0    1    1    0    0    1     
1    1    0    0    1    0     
1    1    0    1    0    1     
1    1    1    0    1    0     
1    1    0    1    0    1     
1    0    1    0    0    0     
0    0    1    0    1    1     
1    1    0    1    1    0     
0    0    0    1    1    1     
0    1    1    0    0    1     
1    0    0    0    1    1     
1    0    1    1    0    0     
1    0    0    1    0    1     
0    1    0    0    1    0     
0    0    1    1    1    0     
1    0    1    1    1    0     
0    1    0    1    0    1     
1    0    0    1    1    0     
0    1    1    1    1    1     
1    1    0    1    1    0     
0    0    0    0    0    1     
0    1    1    0    0    1     
1    1    1    1    1    1     
1    0    0    1    0    0     
1    1    0    0    0    1     
0    0    1    1    0    0     
1    1    1    0    0    1     
0    0    1    1    1    0     
1    1    0    1    0    1     
____________________________________
Sat May 25 08:11:02 2024


PARAMETERS
NUMBER_NEURON = 6
ODOM_TEST = 1.5
VOLTAGE_TRESHOLD = 2
LEARNING_RATE = 0.1
LEAK_RATE_TEST = 1.5
TIME_ITERATION = 120
ITERATION_SPIKE_IN = 400
RANDOM_SEED_TEST_SNN = 11
RANDOM_SEED_TEST_GYRO = 20
RANDOM_SEED_TEST_IN = 10
THRESHOLD_COORDINATES = 0.043
THRESHOLD_GYROSCOPE = 0.03  0.03  1.9   
0    0    0    0    0    0     
0    1    0    0    1    1     
1    0    1    1    1    1     
1    1    1    1    1    1     
1    1    1    0    1    0     
0    0    0    1    1    1     
1    1    1    0    1    1     
1    1    1    1    0    1     
0    0    0    1    1    0     
1    0    1    1    1    1     
0    1    1    0    0    1     
1    1    0    1    1    1     
1    1    1    1    0    0     
0    0    0    1    1    1     
1    0    1    0    0    1     
1    1    1    0    1    1     
0    1    1    1    0    1     
1    1    1    0    1    0     
0    0    1    1    0    1     
1    0    0    0    1    1     
0    0    1    1    0    0     
1    1    0    0    1    1     
1    1    1    1    0    0     
0    0    1    0    1    1     
1    0    0    1    0    1     
0    0    1    0    1    0     
1    1    0    1    0    1     
0    1    1    1    1    1     
1    1    1    1    1    1     
0    1    0    1    0    1     
1    0    1    1    1    1     
