____________________________________
Wed May 29 12:15:16 2024


PARAMETERS
NUMBER_NEURON = 6
ODOM_TEST = 2
VOLTAGE_TRESHOLD = 2
LEARNING_RATE = 0.1
LEAK_RATE_TEST = 1.5
TIME_ITERATION = 120
ITERATION_SPIKE_IN = 400
RANDOM_SEED_TEST_SNN = 40
RANDOM_SEED_TEST_GYRO = 3
RANDOM_SEED_TEST_IN = 10
THRESHOLD_COORDINATES = 0.043
THRESHOLD_GYROSCOPE = 0.03  0.03  1.9   
____________________________________
Wed May 29 12:15:16 2024


PARAMETERS
NUMBER_NEURON = 6
ODOM_TEST = 2
VOLTAGE_TRESHOLD = 2
LEARNING_RATE = 0.1
LEAK_RATE_TEST = 1.5
TIME_ITERATION = 120
ITERATION_SPIKE_IN = 400
RANDOM_SEED_TEST_SNN = 40
RANDOM_SEED_TEST_GYRO = 3
RANDOM_SEED_TEST_IN = 10
THRESHOLD_COORDINATES = 0.043
THRESHOLD_GYROSCOPE = 0.03  0.03  1.9   
0    0    0
0    -0.0166667    -0.0166667
0    -0.0333333    -0.0333333
0    -0.05    -0.05
-2    -0.0666667    -2.06667
-2    -0.0833333    -2.08333
-2    0.1    -1.9
-2    0.116667    -1.88333
-2    -0.133333    -2.13333
5    0.15    5.15
2    -0.166667    1.83333
-2    -0.183333    -2.18333
2    0.2    2.2
-2    0.216667    -1.78333
-2    0.233333    -1.76667
-2    0.25    -1.75
2    -0.266667    1.73333
2    -0.283333    1.71667
-2    -0.3    -2.3
2    -0.316667    1.68333
5    0.333333    5.33333
2    0.35    2.35
2    -0.366667    1.63333
-2    -0.383333    -2.38333
2    -0.4    1.6
2    -0.416667    1.58333
2    -0.433333    1.56667
2    -0.45    1.55
2    0.466667    2.46667
2    -0.483333    1.51667
2    -0.5    1.5
2    -0.516667    1.48333
2    -0.533333    1.46667
-2    -0.55    -2.55
2    -0.566667    1.43333
2    -0.583333    1.41667
2    -0.6    1.4
2    -0.616667    1.38333
2    -0.633333    1.36667
2    -0.65    1.35
2    -0.666667    1.33333
2    -0.683333    1.31667
2    -0.7    1.3
2    -0.716667    1.28333
2    -0.733333    1.26667
-2    -0.75    -2.75
2    -0.766667    1.23333
2    0.783333    2.78333
-2    -0.8    -2.8
-2    -0.816667    -2.81667
2    -0.833333    1.16667
2    -0.85    1.15
2    -0.866667    1.13333
2    -0.883333    1.11667
2    -0.9    1.1
2    -0.916667    1.08333
2    -0.933333    1.06667
2    -0.95    1.05
2    -0.966667    1.03333
2    -0.983333    1.01667
2    -1    1
2    -1.01667    0.983333
2    -1.03333    0.966667
2    -1.05    0.95
2    -1.06667    0.933333
2    -1.08333    0.916667
2    -1.1    0.9
-2    -1.11667    -3.11667
2    -1.13333    0.866667
2    -1.15    0.85
2    1.16667    3.16667
2    -1.18333    0.816667
2    -1.2    0.8
2    -1.21667    0.783333
2    -1.23333    0.766667
2    -1.25    0.75
2    -1.26667    0.733333
2    -1.28333    0.716667
2    -1.3    0.7
2    -1.31667    0.683333
2    -1.33333    0.666667
2    -1.35    0.65
2    -1.36667    0.633333
2    -1.38333    0.616667
2    -1.4    0.6
2    -1.41667    0.583333
2    -1.43333    0.566667
2    -1.45    0.55
2    -1.46667    0.533333
2    -1.48333    0.516667
2    -1.5    0.5
2    -1.51667    0.483333
2    -1.53333    0.466667
2    -1.55    0.45
2    -1.56667    0.433333
2    -1.58333    0.416667
2    -1.6    0.4
2    -1.61667    0.383333
2    -1.63333    0.366667
2    -1.65    0.35
2    -1.66667    0.333333
2    -1.68333    0.316667
2    -1.7    0.3
2    -1.71667    0.283333
