____________________________________
Mon Jun  3 14:30:33 2024


PARAMETERS
NUMBER_NEURON = 6
ODOM_TEST = 2
VOLTAGE_TRESHOLD = 2
LEARNING_RATE = 0.1
LEAK_RATE_TEST = 1.5
TIME_ITERATION = 120
ITERATION_SPIKE_IN = 400
RANDOM_SEED_TEST_SNN = 40
RANDOM_SEED_TEST_GYRO = 3
RANDOM_SEED_TEST_IN = 10
THRESHOLD_COORDINATES = 0.043
THRESHOLD_GYROSCOPE = 0.03  0.03  1.9   
____________________________________
Mon Jun  3 14:30:33 2024


PARAMETERS
NUMBER_NEURON = 6
ODOM_TEST = 2
VOLTAGE_TRESHOLD = 2
LEARNING_RATE = 0.1
LEAK_RATE_TEST = 1.5
TIME_ITERATION = 120
ITERATION_SPIKE_IN = 400
RANDOM_SEED_TEST_SNN = 40
RANDOM_SEED_TEST_GYRO = 3
RANDOM_SEED_TEST_IN = 10
THRESHOLD_COORDINATES = 0.043
THRESHOLD_GYROSCOPE = 0.03  0.03  1.9   
0    0    0
0    -0.0166667    -0.0166667
0    -0.0333333    -0.0333333
0    -0.05    -0.05
-2    -0.0666667    -2.06667
-2    -0.0833333    -2.08333
-2    0.1    -1.9
-2    0.116667    -1.88333
-2    -0.133333    -2.13333
5    0.15    5.15
2    -0.166667    1.83333
-2    -0.183333    -2.18333
2    -0.2    1.8
-2    0.216667    -1.78333
-2    0.233333    -1.76667
-2    -0.25    -2.25
2    -0.266667    1.73333
2    -0.283333    1.71667
-2    -0.3    -2.3
2    -0.316667    1.68333
5    0.333333    5.33333
2    -0.35    1.65
2    -0.366667    1.63333
-2    -0.383333    -2.38333
2    -0.4    1.6
2    -0.416667    1.58333
2    -0.433333    1.56667
2    -0.45    1.55
-2    -0.466667    -2.46667
-2    0.483333    -1.51667
2    -0.5    1.5
-2    0.516667    -1.48333
2    -0.533333    1.46667
-2    -0.55    -2.55
2    -0.566667    1.43333
2    -0.583333    1.41667
2    -0.6    1.4
2    -0.616667    1.38333
2    -0.633333    1.36667
2    -0.65    1.35
2    -0.666667    1.33333
-2    -0.683333    -2.68333
-2    0.7    -1.3
-2    -0.716667    -2.71667
2    -0.733333    1.26667
2    -0.75    1.25
2    -0.766667    1.23333
2    -0.783333    1.21667
2    0.8    2.8
2    -0.816667    1.18333
2    -0.833333    1.16667
-2    0.85    -1.15
2    -0.866667    1.13333
2    -0.883333    1.11667
-2    -0.9    -2.9
-2    0.916667    -1.08333
-2    -0.933333    -2.93333
5    0.95    5.95
-2    -0.966667    -2.96667
5    0.983333    5.98333
-2    -1    -3
2    -1.01667    0.983333
2    -1.03333    0.966667
-2    -1.05    -3.05
2    -1.06667    0.933333
2    1.08333    3.08333
-2    -1.1    -3.1
-2    -1.11667    -3.11667
5    1.13333    6.13333
-2    -1.15    -3.15
-2    1.16667    -0.833333
5    1.18333    6.18333
5    1.2    6.2
-2    -1.21667    -3.21667
-2    1.23333    -0.766667
5    1.25    6.25
5    1.26667    6.26667
-2    -1.28333    -3.28333
-2    1.3    -0.7
5    1.31667    6.31667
5    1.33333    6.33333
-2    -1.35    -3.35
-2    1.36667    -0.633333
-2    -1.38333    -3.38333
5    1.4    6.4
-2    -1.41667    -3.41667
2    1.43333    3.43333
5    1.45    6.45
-2    -1.46667    -3.46667
5    1.48333    6.48333
-2    -1.5    -3.5
5    1.51667    6.51667
-2    -1.53333    -3.53333
-2    1.55    -0.45
5    1.56667    6.56667
-2    -1.58333    -3.58333
5    1.6    6.6
-2    -1.61667    -3.61667
-2    -1.63333    -3.63333
5    1.65    6.65
-2    -1.66667    -3.66667
5    1.68333    6.68333
2    -1.7    0.3
-2    -1.71667    -3.71667
5    1.73333    6.73333
2    -1.75    0.25
5    1.76667    6.76667
2    -1.78333    0.216667
-2    -1.8    -3.8
5    1.81667    6.81667
-2    -1.83333    -3.83333
-2    -1.85    -3.85
5    1.86667    6.86667
2    -1.88333    0.116667
2    1.9    3.9
2    1.91667    3.91667
2    1.93333    3.93333
2    -1.95    0.05
-2    1.96667    -0.0333333
-2    -1.98333    -3.98333
____________________________________
Mon Jun  3 14:50:22 2024


PARAMETERS
NUMBER_NEURON = 6
ODOM_TEST = 2
VOLTAGE_TRESHOLD = 2
LEARNING_RATE = 0.1
LEAK_RATE_TEST = 1.5
TIME_ITERATION = 120
ITERATION_SPIKE_IN = 400
RANDOM_SEED_TEST_SNN = 40
RANDOM_SEED_TEST_GYRO = 3
RANDOM_SEED_TEST_IN = 10
THRESHOLD_COORDINATES = 0.043
THRESHOLD_GYROSCOPE = 0.03  0.03  1.9   
0    -0    -0
0    -0.0166667    -0.0166667
0    -0.0333333    -0.0333333
0    -0.05    -0.05
-2    -0.0666667    -2.06667
-2    0.0833333    -1.91667
-2    0.1    -1.9
-2    0.116667    -1.88333
-2    -0.133333    -2.13333
5    0.15    5.15
2    -0.166667    1.83333
-2    -0.183333    -2.18333
2    -0.2    1.8
-2    0.216667    -1.78333
-2    -0.233333    -2.23333
-2    0.25    -1.75
2    -0.266667    1.73333
2    -0.283333    1.71667
-2    -0.3    -2.3
2    -0.316667    1.68333
2    0.333333    2.33333
2    -0.35    1.65
2    -0.366667    1.63333
-2    -0.383333    -2.38333
-2    -0.4    -2.4
2    -0.416667    1.58333
2    -0.433333    1.56667
2    -0.45    1.55
-2    -0.466667    -2.46667
2    -0.483333    1.51667
2    -0.5    1.5
2    -0.516667    1.48333
2    -0.533333    1.46667
-2    -0.55    -2.55
-2    -0.566667    -2.56667
2    -0.583333    1.41667
2    -0.6    1.4
2    -0.616667    1.38333
-2    -0.633333    -2.63333
2    -0.65    1.35
2    -0.666667    1.33333
2    -0.683333    1.31667
2    -0.7    1.3
-2    -0.716667    -2.71667
2    -0.733333    1.26667
5    0.75    5.75
2    -0.766667    1.23333
5    0.783333    5.78333
5    0.8    5.8
-2    -0.816667    -2.81667
-2    0.833333    -1.16667
-2    -0.85    -2.85
-2    0.866667    -1.13333
2    0.883333    2.88333
2    -0.9    1.1
2    -0.916667    1.08333
2    -0.933333    1.06667
-2    -0.95    -2.95
-2    0.966667    -1.03333
5    0.983333    5.98333
-2    -1    -3
-2    1.01667    -0.983333
-2    -1.03333    -3.03333
2    -1.05    0.95
2    1.06667    3.06667
-2    -1.08333    -3.08333
-2    1.1    -0.9
5    1.11667    6.11667
2    -1.13333    0.866667
2    -1.15    0.85
5    1.16667    6.16667
5    1.18333    6.18333
5    1.2    6.2
2    -1.21667    0.783333
-2    -1.23333    -3.23333
-2    -1.25    -3.25
5    1.26667    6.26667
-2    -1.28333    -3.28333
5    1.3    6.3
-2    -1.31667    -3.31667
5    1.33333    6.33333
-2    1.35    -0.65
-2    1.36667    -0.633333
-2    -1.38333    -3.38333
-2    1.4    -0.6
-2    1.41667    -0.583333
5    1.43333    6.43333
-2    -1.45    -3.45
-2    1.46667    -0.533333
5    1.48333    6.48333
-2    -1.5    -3.5
-2    -1.51667    -3.51667
-2    1.53333    -0.466667
2    1.55    3.55
2    -1.56667    0.433333
5    1.58333    6.58333
-2    -1.6    -3.6
2    -1.61667    0.383333
2    -1.63333    0.366667
2    -1.65    0.35
2    -1.66667    0.333333
-2    -1.68333    -3.68333
5    1.7    6.7
2    1.71667    3.71667
2    -1.73333    0.266667
2    -1.75    0.25
2    -1.76667    0.233333
-2    1.78333    -0.216667
5    1.8    6.8
2    -1.81667    0.183333
2    -1.83333    0.166667
2    -1.85    0.15
2    -1.86667    0.133333
2    -1.88333    0.116667
5    -1.9    3.1
2    -1.91667    0.0833333
-2    -1.93333    -3.93333
-2    1.95    -0.05
5    1.96667    6.96667
2    -1.98333    0.0166667
____________________________________
Mon Jun  3 15:10:24 2024


PARAMETERS
NUMBER_NEURON = 6
ODOM_TEST = 2
VOLTAGE_TRESHOLD = 2
LEARNING_RATE = 0.1
LEAK_RATE_TEST = 1.5
TIME_ITERATION = 120
ITERATION_SPIKE_IN = 400
RANDOM_SEED_TEST_SNN = 40
RANDOM_SEED_TEST_GYRO = 3
RANDOM_SEED_TEST_IN = 10
THRESHOLD_COORDINATES = 0.043
THRESHOLD_GYROSCOPE = 0.03  0.03  1.9   
0    0    0
0    -0.0166667    -0.0166667
0    -0.0333333    -0.0333333
0    -0.05    -0.05
-2    -0.0666667    -2.06667
-2    -0.0833333    -2.08333
-2    0.1    -1.9
-2    0.116667    -1.88333
-2    0.133333    -1.86667
5    0.15    5.15
2    -0.166667    1.83333
-2    -0.183333    -2.18333
2    -0.2    1.8
-2    0.216667    -1.78333
-2    0.233333    -1.76667
-2    -0.25    -2.25
2    -0.266667    1.73333
2    -0.283333    1.71667
-2    -0.3    -2.3
2    -0.316667    1.68333
2    0.333333    2.33333
2    -0.35    1.65
2    -0.366667    1.63333
-2    -0.383333    -2.38333
-2    -0.4    -2.4
2    -0.416667    1.58333
2    -0.433333    1.56667
2    -0.45    1.55
-2    -0.466667    -2.46667
2    -0.483333    1.51667
2    -0.5    1.5
2    -0.516667    1.48333
2    -0.533333    1.46667
-2    0.55    -1.45
-2    -0.566667    -2.56667
2    -0.583333    1.41667
2    -0.6    1.4
2    -0.616667    1.38333
2    0.633333    2.63333
-2    -0.65    -2.65
2    -0.666667    1.33333
2    -0.683333    1.31667
-2    -0.7    -2.7
-2    0.716667    -1.28333
2    0.733333    2.73333
-2    -0.75    -2.75
2    0.766667    2.76667
2    -0.783333    1.21667
-2    -0.8    -2.8
2    -0.816667    1.18333
2    -0.833333    1.16667
2    -0.85    1.15
5    0.866667    5.86667
5    0.883333    5.88333
-2    -0.9    -2.9
-2    -0.916667    -2.91667
-2    -0.933333    -2.93333
-2    -0.95    -2.95
-2    0.966667    -1.03333
2    -0.983333    1.01667
-2    -1    -3
2    -1.01667    0.983333
5    -1.03333    3.96667
5    1.05    6.05
5    1.06667    6.06667
5    1.08333    6.08333
5    1.1    6.1
5    1.11667    6.11667
5    1.13333    6.13333
5    1.15    6.15
5    1.16667    6.16667
5    1.18333    6.18333
5    1.2    6.2
5    1.21667    6.21667
5    1.23333    6.23333
5    1.25    6.25
5    1.26667    6.26667
5    1.28333    6.28333
5    1.3    6.3
5    1.31667    6.31667
5    1.33333    6.33333
5    1.35    6.35
5    1.36667    6.36667
5    1.38333    6.38333
5    1.4    6.4
5    1.41667    6.41667
5    1.43333    6.43333
5    1.45    6.45
5    1.46667    6.46667
5    -1.48333    3.51667
5    1.5    6.5
5    1.51667    6.51667
5    1.53333    6.53333
5    1.55    6.55
5    1.56667    6.56667
5    1.58333    6.58333
5    -1.6    3.4
5    1.61667    6.61667
5    1.63333    6.63333
5    1.65    6.65
5    1.66667    6.66667
5    1.68333    6.68333
5    1.7    6.7
5    1.71667    6.71667
5    1.73333    6.73333
5    1.75    6.75
5    1.76667    6.76667
5    1.78333    6.78333
5    1.8    6.8
5    1.81667    6.81667
5    1.83333    6.83333
5    1.85    6.85
5    1.86667    6.86667
5    1.88333    6.88333
5    1.9    6.9
5    1.91667    6.91667
5    1.93333    6.93333
5    1.95    6.95
5    1.96667    6.96667
5    1.98333    6.98333
____________________________________
Mon Jun  3 15:34:26 2024


PARAMETERS
NUMBER_NEURON = 6
ODOM_TEST = 2
VOLTAGE_TRESHOLD = 2
LEARNING_RATE = 0.1
LEAK_RATE_TEST = 1.5
TIME_ITERATION = 120
ITERATION_SPIKE_IN = 400
RANDOM_SEED_TEST_SNN = 40
RANDOM_SEED_TEST_GYRO = 3
RANDOM_SEED_TEST_IN = 10
THRESHOLD_COORDINATES = 0.043
THRESHOLD_GYROSCOPE = 0.03  0.03  1.9   
0    -0    -0
0    -0.0166667    -0.0166667
0    -0.0333333    -0.0333333
0    -0.05    -0.05
-2    -0.0666667    -2.06667
-2    -0.0833333    -2.08333
-2    0.1    -1.9
-2    0.116667    -1.88333
-2    0.133333    -1.86667
5    0.15    5.15
2    -0.166667    1.83333
-2    -0.183333    -2.18333
2    -0.2    1.8
-2    0.216667    -1.78333
-2    -0.233333    -2.23333
-2    0.25    -1.75
2    -0.266667    1.73333
2    -0.283333    1.71667
-2    -0.3    -2.3
2    -0.316667    1.68333
2    -0.333333    1.66667
2    0.35    2.35
2    -0.366667    1.63333
-2    -0.383333    -2.38333
-2    -0.4    -2.4
2    -0.416667    1.58333
2    -0.433333    1.56667
2    -0.45    1.55
-2    -0.466667    -2.46667
2    -0.483333    1.51667
2    -0.5    1.5
2    -0.516667    1.48333
2    -0.533333    1.46667
-2    0.55    -1.45
-2    0.566667    -1.43333
2    -0.583333    1.41667
2    -0.6    1.4
2    -0.616667    1.38333
-2    -0.633333    -2.63333
2    -0.65    1.35
2    -0.666667    1.33333
2    -0.683333    1.31667
2    -0.7    1.3
-2    -0.716667    -2.71667
2    0.733333    2.73333
-2    -0.75    -2.75
2    -0.766667    1.23333
2    -0.783333    1.21667
-2    -0.8    -2.8
-2    0.816667    -1.18333
2    -0.833333    1.16667
2    -0.85    1.15
2    -0.866667    1.13333
-2    -0.883333    -2.88333
2    -0.9    1.1
2    0.916667    2.91667
-2    -0.933333    -2.93333
-2    0.95    -1.05
5    0.966667    5.96667
-2    -0.983333    -2.98333
-2    1    -1
-2    1.01667    -0.983333
-2    1.03333    -0.966667
2    -1.05    0.95
-2    -1.06667    -3.06667
2    -1.08333    0.916667
2    1.1    3.1
2    -1.11667    0.883333
2    1.13333    3.13333
-2    -1.15    -3.15
-2    -1.16667    -3.16667
-2    -1.18333    -3.18333
2    -1.2    0.8
2    -1.21667    0.783333
2    -1.23333    0.766667
2    -1.25    0.75
-2    -1.26667    -3.26667
2    1.28333    3.28333
2    -1.3    0.7
-2    -1.31667    -3.31667
2    -1.33333    0.666667
2    -1.35    0.65
2    -1.36667    0.633333
-2    -1.38333    -3.38333
2    -1.4    0.6
2    -1.41667    0.583333
2    -1.43333    0.566667
-2    -1.45    -3.45
2    -1.46667    0.533333
2    1.48333    3.48333
2    1.5    3.5
2    -1.51667    0.483333
-2    -1.53333    -3.53333
2    -1.55    0.45
5    1.56667    6.56667
2    -1.58333    0.416667
2    -1.6    0.4
2    -1.61667    0.383333
2    -1.63333    0.366667
-2    -1.65    -3.65
2    -1.66667    0.333333
2    -1.68333    0.316667
2    -1.7    0.3
2    -1.71667    0.283333
-2    -1.73333    -3.73333
2    -1.75    0.25
-2    -1.76667    -3.76667
2    1.78333    3.78333
2    1.8    3.8
-2    -1.81667    -3.81667
2    -1.83333    0.166667
2    -1.85    0.15
2    -1.86667    0.133333
2    -1.88333    0.116667
-2    -1.9    -3.9
2    1.91667    3.91667
2    1.93333    3.93333
2    1.95    3.95
2    -1.96667    0.0333333
-2    -1.98333    -3.98333
____________________________________
Mon Jun  3 15:53:21 2024


PARAMETERS
NUMBER_NEURON = 6
ODOM_TEST = 1.5
VOLTAGE_TRESHOLD = 2
LEARNING_RATE = 0.1
LEAK_RATE_TEST = 1.5
TIME_ITERATION = 120
ITERATION_SPIKE_IN = 400
RANDOM_SEED_TEST_SNN = 43
RANDOM_SEED_TEST_GYRO = 7
RANDOM_SEED_TEST_IN = 10
THRESHOLD_COORDINATES = 0.043
THRESHOLD_GYROSCOPE = 0.03  0.03  1.9   
____________________________________
Mon Jun  3 15:53:21 2024


PARAMETERS
NUMBER_NEURON = 6
ODOM_TEST = 1.5
VOLTAGE_TRESHOLD = 2
LEARNING_RATE = 0.1
LEAK_RATE_TEST = 1.5
TIME_ITERATION = 120
ITERATION_SPIKE_IN = 400
RANDOM_SEED_TEST_SNN = 43
RANDOM_SEED_TEST_GYRO = 7
RANDOM_SEED_TEST_IN = 10
THRESHOLD_COORDINATES = 0.043
THRESHOLD_GYROSCOPE = 0.03  0.03  1.9   
0    -0    -0
0    -0.0166667    -0.0166667
0    -0.0333333    -0.0333333
0    -0.05    -0.05
-2    -0.0666667    -2.06667
-2    -0.0833333    -2.08333
-2    -0.1    -2.1
-2    0.116667    -1.88333
-2    -0.133333    -2.13333
2    -0.15    1.85
2    -0.166667    1.83333
2    -0.183333    1.81667
2    -0.2    1.8
-2    0.216667    -1.78333
-2    0.233333    -1.76667
-2    -0.25    -2.25
-2    -0.266667    -2.26667
2    0.283333    2.28333
-2    0.3    -1.7
2    -0.316667    1.68333
2    -0.333333    1.66667
2    -0.35    1.65
-2    -0.366667    -2.36667
2    0.383333    2.38333
-2    -0.4    -2.4
5    0.416667    5.41667
-2    -0.433333    -2.43333
5    0.45    5.45
-2    -0.466667    -2.46667
5    0.483333    5.48333
2    -0.5    1.5
-2    -0.516667    -2.51667
-2    0.533333    -1.46667
5    0.55    5.55
-2    0.566667    -1.43333
5    0.583333    5.58333
-2    -0.6    -2.6
-2    0.616667    -1.38333
-2    0.633333    -1.36667
5    0.65    5.65
-2    -0.666667    -2.66667
2    0.683333    2.68333
-2    -0.7    -2.7
-2    -0.716667    -2.71667
-2    -0.733333    -2.73333
2    -0.75    1.25
2    -0.766667    1.23333
2    -0.783333    1.21667
-2    -0.8    -2.8
2    -0.816667    1.18333
-2    -0.833333    -2.83333
2    -0.85    1.15
2    -0.866667    1.13333
2    0.883333    2.88333
2    -0.9    1.1
-2    -0.916667    -2.91667
-2    0.933333    -1.06667
2    -0.95    1.05
2    -0.966667    1.03333
2    -0.983333    1.01667
-2    -1    -3
2    -1.01667    0.983333
2    -1.03333    0.966667
2    1.05    3.05
2    -1.06667    0.933333
-2    -1.08333    -3.08333
-2    1.1    -0.9
2    -1.11667    0.883333
5    1.13333    6.13333
2    -1.15    0.85
-2    -1.16667    -3.16667
5    1.18333    6.18333
2    -1.2    0.8
-2    -1.21667    -3.21667
-2    -1.23333    -3.23333
2    -1.25    0.75
2    -1.26667    0.733333
2    -1.28333    0.716667
2    -1.3    0.7
-2    -1.31667    -3.31667
2    -1.33333    0.666667
2    -1.35    0.65
2    -1.36667    0.633333
-2    -1.38333    -3.38333
2    1.4    3.4
2    -1.41667    0.583333
-2    -1.43333    -3.43333
5    1.45    6.45
-2    -1.46667    -3.46667
2    -1.48333    0.516667
2    1.5    3.5
2    -1.51667    0.483333
-2    -1.53333    -3.53333
2    1.55    3.55
2    -1.56667    0.433333
5    -1.58333    3.41667
-2    -1.6    -3.6
5    1.61667    6.61667
2    -1.63333    0.366667
2    -1.65    0.35
2    -1.66667    0.333333
-2    -1.68333    -3.68333
5    1.7    6.7
2    -1.71667    0.283333
2    -1.73333    0.266667
2    -1.75    0.25
2    -1.76667    0.233333
-2    -1.78333    -3.78333
2    1.8    3.8
2    1.81667    3.81667
-2    -1.83333    -3.83333
-2    -1.85    -3.85
2    -1.86667    0.133333
2    -1.88333    0.116667
2    1.9    3.9
2    -1.91667    0.0833333
-2    -1.93333    -3.93333
2    -1.95    0.05
2    -1.96667    0.0333333
2    -1.98333    0.0166667
____________________________________
Mon Jun  3 16:13:18 2024


PARAMETERS
NUMBER_NEURON = 6
ODOM_TEST = 1.5
VOLTAGE_TRESHOLD = 2
LEARNING_RATE = 0.1
LEAK_RATE_TEST = 1.5
TIME_ITERATION = 120
ITERATION_SPIKE_IN = 400
RANDOM_SEED_TEST_SNN = 43
RANDOM_SEED_TEST_GYRO = 7
RANDOM_SEED_TEST_IN = 10
THRESHOLD_COORDINATES = 0.043
THRESHOLD_GYROSCOPE = 0.03  0.03  1.9   
0    -0    -0
0    -0.0166667    -0.0166667
0    -0.0333333    -0.0333333
0    -0.05    -0.05
-2    -0.0666667    -2.06667
-2    -0.0833333    -2.08333
-2    -0.1    -2.1
-2    0.116667    -1.88333
-2    -0.133333    -2.13333
2    -0.15    1.85
2    -0.166667    1.83333
2    -0.183333    1.81667
2    -0.2    1.8
-2    -0.216667    -2.21667
-2    0.233333    -1.76667
-2    -0.25    -2.25
-2    -0.266667    -2.26667
2    -0.283333    1.71667
-2    0.3    -1.7
2    -0.316667    1.68333
2    -0.333333    1.66667
2    0.35    2.35
-2    0.366667    -1.63333
2    0.383333    2.38333
-2    0.4    -1.6
2    0.416667    2.41667
-2    -0.433333    -2.43333
5    0.45    5.45
-2    0.466667    -1.53333
2    0.483333    2.48333
2    0.5    2.5
-2    0.516667    -1.48333
-2    0.533333    -1.46667
-2    0.55    -1.45
-2    -0.566667    -2.56667
2    -0.583333    1.41667
2    -0.6    1.4
2    -0.616667    1.38333
2    0.633333    2.63333
-2    -0.65    -2.65
2    -0.666667    1.33333
2    -0.683333    1.31667
2    0.7    2.7
2    -0.716667    1.28333
-2    -0.733333    -2.73333
5    0.75    5.75
-2    0.766667    -1.23333
2    0.783333    2.78333
2    0.8    2.8
-2    -0.816667    -2.81667
-2    0.833333    -1.16667
2    -0.85    1.15
2    -0.866667    1.13333
-2    -0.883333    -2.88333
-2    -0.9    -2.9
2    -0.916667    1.08333
2    -0.933333    1.06667
2    -0.95    1.05
2    -0.966667    1.03333
-2    -0.983333    -2.98333
5    1    6
2    1.01667    3.01667
-2    1.03333    -0.966667
-2    1.05    -0.95
-2    1.06667    -0.933333
-2    1.08333    -0.916667
-2    -1.1    -3.1
2    -1.11667    0.883333
-2    -1.13333    -3.13333
-2    1.15    -0.85
2    1.16667    3.16667
-2    -1.18333    -3.18333
2    -1.2    0.8
2    -1.21667    0.783333
2    -1.23333    0.766667
-2    -1.25    -3.25
2    -1.26667    0.733333
2    -1.28333    0.716667
-2    -1.3    -3.3
5    1.31667    6.31667
2    -1.33333    0.666667
2    1.35    3.35
2    1.36667    3.36667
2    -1.38333    0.616667
-2    -1.4    -3.4
2    -1.41667    0.583333
2    -1.43333    0.566667
2    -1.45    0.55
2    -1.46667    0.533333
-2    -1.48333    -3.48333
2    -1.5    0.5
-2    1.51667    -0.483333
2    1.53333    3.53333
2    1.55    3.55
-2    1.56667    -0.433333
2    1.58333    3.58333
2    -1.6    0.4
2    -1.61667    0.383333
2    -1.63333    0.366667
2    -1.65    0.35
2    -1.66667    0.333333
2    -1.68333    0.316667
-2    1.7    -0.3
2    1.71667    3.71667
2    -1.73333    0.266667
2    -1.75    0.25
-2    1.76667    -0.233333
-2    -1.78333    -3.78333
-2    1.8    -0.2
2    -1.81667    0.183333
-2    1.83333    -0.166667
2    -1.85    0.15
2    -1.86667    0.133333
-2    -1.88333    -3.88333
-2    1.9    -0.1
-2    -1.91667    -3.91667
2    1.93333    3.93333
2    1.95    3.95
2    -1.96667    0.0333333
-2    -1.98333    -3.98333
____________________________________
Mon Jun  3 16:30:36 2024


PARAMETERS
NUMBER_NEURON = 6
ODOM_TEST = 1.5
VOLTAGE_TRESHOLD = 2
LEARNING_RATE = 0.1
LEAK_RATE_TEST = 1.5
TIME_ITERATION = 120
ITERATION_SPIKE_IN = 400
RANDOM_SEED_TEST_SNN = 43
RANDOM_SEED_TEST_GYRO = 7
RANDOM_SEED_TEST_IN = 10
THRESHOLD_COORDINATES = 0.043
THRESHOLD_GYROSCOPE = 0.03  0.03  1.9   
0    -0    -0
0    -0.0166667    -0.0166667
0    -0.0333333    -0.0333333
0    -0.05    -0.05
-2    -0.0666667    -2.06667
-2    -0.0833333    -2.08333
-2    -0.1    -2.1
-2    0.116667    -1.88333
-2    -0.133333    -2.13333
2    -0.15    1.85
2    -0.166667    1.83333
2    -0.183333    1.81667
2    -0.2    1.8
-2    0.216667    -1.78333
-2    0.233333    -1.76667
-2    -0.25    -2.25
-2    -0.266667    -2.26667
2    -0.283333    1.71667
-2    0.3    -1.7
2    -0.316667    1.68333
2    -0.333333    1.66667
2    0.35    2.35
-2    0.366667    -1.63333
2    0.383333    2.38333
-2    0.4    -1.6
2    0.416667    2.41667
-2    -0.433333    -2.43333
2    0.45    2.45
-2    -0.466667    -2.46667
5    0.483333    5.48333
2    -0.5    1.5
-2    -0.516667    -2.51667
-2    -0.533333    -2.53333
2    -0.55    1.45
-2    0.566667    -1.43333
5    0.583333    5.58333
2    -0.6    1.4
-2    -0.616667    -2.61667
-2    -0.633333    -2.63333
2    0.65    2.65
2    -0.666667    1.33333
-2    0.683333    -1.31667
-2    0.7    -1.3
2    -0.716667    1.28333
2    -0.733333    1.26667
-2    0.75    -1.25
-2    -0.766667    -2.76667
2    -0.783333    1.21667
2    -0.8    1.2
-2    -0.816667    -2.81667
2    -0.833333    1.16667
2    -0.85    1.15
2    -0.866667    1.13333
2    -0.883333    1.11667
-2    -0.9    -2.9
2    -0.916667    1.08333
2    -0.933333    1.06667
2    -0.95    1.05
2    -0.966667    1.03333
-2    -0.983333    -2.98333
-2    -1    -3
2    -1.01667    0.983333
5    -1.03333    3.96667
5    1.05    6.05
5    1.06667    6.06667
-2    -1.08333    -3.08333
-2    -1.1    -3.1
2    -1.11667    0.883333
2    -1.13333    0.866667
-2    -1.15    -3.15
-2    -1.16667    -3.16667
2    -1.18333    0.816667
2    -1.2    0.8
2    -1.21667    0.783333
-2    -1.23333    -3.23333
2    -1.25    0.75
-2    -1.26667    -3.26667
2    -1.28333    0.716667
2    1.3    3.3
2    -1.31667    0.683333
2    1.33333    3.33333
-2    1.35    -0.65
-2    -1.36667    -3.36667
2    -1.38333    0.616667
2    -1.4    0.6
2    -1.41667    0.583333
-2    -1.43333    -3.43333
2    -1.45    0.55
2    -1.46667    0.533333
2    1.48333    3.48333
2    -1.5    0.5
-2    1.51667    -0.483333
2    1.53333    3.53333
2    1.55    3.55
5    1.56667    6.56667
2    1.58333    3.58333
-2    -1.6    -3.6
-2    -1.61667    -3.61667
-2    1.63333    -0.366667
-2    -1.65    -3.65
0    -1.66667    -1.66667
2    -1.68333    0.316667
2    1.7    3.7
2    -1.71667    0.283333
2    1.73333    3.73333
-2    -1.75    -3.75
2    -1.76667    0.233333
2    -1.78333    0.216667
2    -1.8    0.2
2    1.81667    3.81667
-2    1.83333    -0.166667
2    -1.85    0.15
2    -1.86667    0.133333
2    1.88333    3.88333
2    1.9    3.9
-2    -1.91667    -3.91667
2    -1.93333    0.0666667
2    -1.95    0.05
2    -1.96667    0.0333333
2    1.98333    3.98333
____________________________________
Mon Jun  3 16:50:07 2024


PARAMETERS
NUMBER_NEURON = 6
ODOM_TEST = 1.5
VOLTAGE_TRESHOLD = 2
LEARNING_RATE = 0.1
LEAK_RATE_TEST = 1.5
TIME_ITERATION = 120
ITERATION_SPIKE_IN = 400
RANDOM_SEED_TEST_SNN = 43
RANDOM_SEED_TEST_GYRO = 7
RANDOM_SEED_TEST_IN = 10
THRESHOLD_COORDINATES = 0.043
THRESHOLD_GYROSCOPE = 0.03  0.03  1.9   
0    -0    -0
0    -0.0166667    -0.0166667
0    -0.0333333    -0.0333333
0    -0.05    -0.05
-2    -0.0666667    -2.06667
-2    -0.0833333    -2.08333
-2    -0.1    -2.1
-2    -0.116667    -2.11667
-2    -0.133333    -2.13333
2    -0.15    1.85
2    -0.166667    1.83333
2    -0.183333    1.81667
2    -0.2    1.8
-2    -0.216667    -2.21667
-2    0.233333    -1.76667
-2    -0.25    -2.25
-2    -0.266667    -2.26667
2    -0.283333    1.71667
-2    -0.3    -2.3
2    -0.316667    1.68333
2    0.333333    2.33333
2    0.35    2.35
-2    0.366667    -1.63333
2    0.383333    2.38333
-2    -0.4    -2.4
2    -0.416667    1.58333
2    0.433333    2.43333
2    -0.45    1.55
2    0.466667    2.46667
-2    -0.483333    -2.48333
5    0.5    5.5
-2    -0.516667    -2.51667
-2    0.533333    -1.46667
-2    -0.55    -2.55
-2    -0.566667    -2.56667
2    -0.583333    1.41667
2    -0.6    1.4
2    -0.616667    1.38333
2    -0.633333    1.36667
-2    0.65    -1.35
-2    0.666667    -1.33333
-2    -0.683333    -2.68333
2    -0.7    1.3
2    0.716667    2.71667
2    -0.733333    1.26667
2    0.75    2.75
-2    -0.766667    -2.76667
2    -0.783333    1.21667
2    -0.8    1.2
2    0.816667    2.81667
2    -0.833333    1.16667
-2    -0.85    -2.85
2    -0.866667    1.13333
2    0.883333    2.88333
2    -0.9    1.1
2    0.916667    2.91667
2    -0.933333    1.06667
2    0.95    2.95
2    -0.966667    1.03333
2    0.983333    2.98333
2    -1    1
2    1.01667    3.01667
-2    -1.03333    -3.03333
-2    -1.05    -3.05
-2    -1.06667    -3.06667
-2    -1.08333    -3.08333
5    1.1    6.1
5    1.11667    6.11667
5    1.13333    6.13333
5    1.15    6.15
5    -1.16667    3.83333
5    1.18333    6.18333
5    1.2    6.2
5    1.21667    6.21667
5    1.23333    6.23333
5    1.25    6.25
5    -1.26667    3.73333
5    1.28333    6.28333
5    1.3    6.3
5    1.31667    6.31667
5    1.33333    6.33333
5    1.35    6.35
5    1.36667    6.36667
5    1.38333    6.38333
5    1.4    6.4
5    1.41667    6.41667
5    1.43333    6.43333
5    1.45    6.45
5    1.46667    6.46667
5    1.48333    6.48333
5    1.5    6.5
5    1.51667    6.51667
5    1.53333    6.53333
5    1.55    6.55
5    1.56667    6.56667
5    1.58333    6.58333
5    1.6    6.6
5    1.61667    6.61667
5    1.63333    6.63333
5    1.65    6.65
5    1.66667    6.66667
5    1.68333    6.68333
5    1.7    6.7
5    1.71667    6.71667
5    1.73333    6.73333
5    1.75    6.75
5    -1.76667    3.23333
5    1.78333    6.78333
5    1.8    6.8
5    1.81667    6.81667
5    1.83333    6.83333
5    1.85    6.85
5    1.86667    6.86667
5    1.88333    6.88333
5    -1.9    3.1
5    1.91667    6.91667
5    1.93333    6.93333
5    1.95    6.95
5    1.96667    6.96667
5    1.98333    6.98333
____________________________________
Mon Jun  3 17:12:48 2024


PARAMETERS
NUMBER_NEURON = 6
ODOM_TEST = 1.7
VOLTAGE_TRESHOLD = 2
LEARNING_RATE = 0.1
LEAK_RATE_TEST = 1.5
TIME_ITERATION = 120
ITERATION_SPIKE_IN = 400
RANDOM_SEED_TEST_SNN = 27
RANDOM_SEED_TEST_GYRO = 31
RANDOM_SEED_TEST_IN = 10
THRESHOLD_COORDINATES = 0.043
THRESHOLD_GYROSCOPE = 0.03  0.03  1.9   
____________________________________
Mon Jun  3 17:12:48 2024


PARAMETERS
NUMBER_NEURON = 6
ODOM_TEST = 1.7
VOLTAGE_TRESHOLD = 2
LEARNING_RATE = 0.1
LEAK_RATE_TEST = 1.5
TIME_ITERATION = 120
ITERATION_SPIKE_IN = 400
RANDOM_SEED_TEST_SNN = 27
RANDOM_SEED_TEST_GYRO = 31
RANDOM_SEED_TEST_IN = 10
THRESHOLD_COORDINATES = 0.043
THRESHOLD_GYROSCOPE = 0.03  0.03  1.9   
0    -0    -0
0    -0.0166667    -0.0166667
0    -0.0333333    -0.0333333
0    -0.05    -0.05
-2    -0.0666667    -2.06667
-2    -0.0833333    -2.08333
-2    -0.1    -2.1
-2    0.116667    -1.88333
-2    -0.133333    -2.13333
2    0.15    2.15
-2    0.166667    -1.83333
2    -0.183333    1.81667
-2    0.2    -1.8
2    0.216667    2.21667
-2    0.233333    -1.76667
2    0.25    2.25
2    -0.266667    1.73333
-2    -0.283333    -2.28333
2    -0.3    1.7
-2    -0.316667    -2.31667
2    -0.333333    1.66667
2    -0.35    1.65
2    0.366667    2.36667
2    0.383333    2.38333
-2    -0.4    -2.4
-2    -0.416667    -2.41667
-2    -0.433333    -2.43333
-2    -0.45    -2.45
2    -0.466667    1.53333
2    -0.483333    1.51667
2    -0.5    1.5
2    -0.516667    1.48333
-2    -0.533333    -2.53333
-2    0.55    -1.45
2    0.566667    2.56667
2    -0.583333    1.41667
2    -0.6    1.4
2    -0.616667    1.38333
-2    -0.633333    -2.63333
-2    -0.65    -2.65
-2    0.666667    -1.33333
2    0.683333    2.68333
-2    -0.7    -2.7
2    0.716667    2.71667
-2    0.733333    -1.26667
2    0.75    2.75
-2    0.766667    -1.23333
2    0.783333    2.78333
-2    0.8    -1.2
2    0.816667    2.81667
-2    0.833333    -1.16667
2    0.85    2.85
-2    0.866667    -1.13333
2    0.883333    2.88333
-2    0.9    -1.1
2    0.916667    2.91667
-2    0.933333    -1.06667
2    0.95    2.95
5    -0.966667    4.03333
2    0.983333    2.98333
5    1    6
2    -1.01667    0.983333
5    1.03333    6.03333
2    1.05    3.05
5    1.06667    6.06667
2    1.08333    3.08333
2    -1.1    0.9
2    1.11667    3.11667
2    -1.13333    0.866667
-2    -1.15    -3.15
-2    1.16667    -0.833333
-2    -1.18333    -3.18333
-2    1.2    -0.8
-2    -1.21667    -3.21667
-2    1.23333    -0.766667
2    -1.25    0.75
-2    -1.26667    -3.26667
2    -1.28333    0.716667
-2    -1.3    -3.3
2    -1.31667    0.683333
2    1.33333    3.33333
2    -1.35    0.65
2    1.36667    3.36667
-2    -1.38333    -3.38333
2    -1.4    0.6
2    -1.41667    0.583333
2    -1.43333    0.566667
2    -1.45    0.55
-2    -1.46667    -3.46667
-2    1.48333    -0.516667
5    1.5    6.5
5    1.51667    6.51667
2    -1.53333    0.466667
5    1.55    6.55
2    1.56667    3.56667
5    1.58333    6.58333
2    -1.6    0.4
5    1.61667    6.61667
2    1.63333    3.63333
2    1.65    3.65
2    1.66667    3.66667
5    1.68333    6.68333
2    1.7    3.7
2    1.71667    3.71667
2    1.73333    3.73333
5    1.75    6.75
2    1.76667    3.76667
5    1.78333    6.78333
2    1.8    3.8
5    1.81667    6.81667
5    1.83333    6.83333
5    1.85    6.85
5    1.86667    6.86667
5    1.88333    6.88333
2    -1.9    0.1
5    1.91667    6.91667
2    1.93333    3.93333
5    1.95    6.95
2    -1.96667    0.0333333
5    1.98333    6.98333
____________________________________
Mon Jun  3 17:33:37 2024


PARAMETERS
NUMBER_NEURON = 6
ODOM_TEST = 1.7
VOLTAGE_TRESHOLD = 2
LEARNING_RATE = 0.1
LEAK_RATE_TEST = 1.5
TIME_ITERATION = 120
ITERATION_SPIKE_IN = 400
RANDOM_SEED_TEST_SNN = 27
RANDOM_SEED_TEST_GYRO = 31
RANDOM_SEED_TEST_IN = 10
THRESHOLD_COORDINATES = 0.043
THRESHOLD_GYROSCOPE = 0.03  0.03  1.9   
0    -0    -0
0    -0.0166667    -0.0166667
0    -0.0333333    -0.0333333
0    -0.05    -0.05
-2    -0.0666667    -2.06667
-2    -0.0833333    -2.08333
-2    -0.1    -2.1
-2    -0.116667    -2.11667
-2    -0.133333    -2.13333
2    0.15    2.15
-2    0.166667    -1.83333
2    0.183333    2.18333
-2    0.2    -1.8
2    0.216667    2.21667
-2    0.233333    -1.76667
2    0.25    2.25
2    -0.266667    1.73333
-2    -0.283333    -2.28333
2    -0.3    1.7
-2    -0.316667    -2.31667
2    -0.333333    1.66667
2    -0.35    1.65
2    -0.366667    1.63333
2    -0.383333    1.61667
-2    -0.4    -2.4
5    -0.416667    4.58333
-2    -0.433333    -2.43333
-2    0.45    -1.55
-2    -0.466667    -2.46667
2    0.483333    2.48333
-2    -0.5    -2.5
2    -0.516667    1.48333
2    -0.533333    1.46667
2    -0.55    1.45
-2    -0.566667    -2.56667
-2    0.583333    -1.41667
2    -0.6    1.4
2    0.616667    2.61667
-2    -0.633333    -2.63333
-2    -0.65    -2.65
2    0.666667    2.66667
5    0.683333    5.68333
2    -0.7    1.3
5    0.716667    5.71667
-2    -0.733333    -2.73333
-2    0.75    -1.25
-2    0.766667    -1.23333
2    -0.783333    1.21667
2    -0.8    1.2
-2    -0.816667    -2.81667
-2    0.833333    -1.16667
2    -0.85    1.15
-2    -0.866667    -2.86667
2    0.883333    2.88333
-2    0.9    -1.1
2    -0.916667    1.08333
2    -0.933333    1.06667
2    -0.95    1.05
2    -0.966667    1.03333
-2    -0.983333    -2.98333
-2    1    -1
-2    1.01667    -0.983333
2    -1.03333    0.966667
2    1.05    3.05
-2    1.06667    -0.933333
2    -1.08333    0.916667
2    -1.1    0.9
2    -1.11667    0.883333
2    -1.13333    0.866667
-2    -1.15    -3.15
-2    -1.16667    -3.16667
2    -1.18333    0.816667
2    -1.2    0.8
2    -1.21667    0.783333
-2    -1.23333    -3.23333
-2    -1.25    -3.25
5    1.26667    6.26667
2    -1.28333    0.716667
5    1.3    6.3
5    1.31667    6.31667
-2    -1.33333    -3.33333
5    1.35    6.35
-2    -1.36667    -3.36667
5    1.38333    6.38333
-2    1.4    -0.6
-2    -1.41667    -3.41667
-2    -1.43333    -3.43333
-2    -1.45    -3.45
-2    -1.46667    -3.46667
5    1.48333    6.48333
2    -1.5    0.5
2    -1.51667    0.483333
-2    -1.53333    -3.53333
2    -1.55    0.45
5    1.56667    6.56667
5    1.58333    6.58333
-2    -1.6    -3.6
-2    -1.61667    -3.61667
2    -1.63333    0.366667
2    1.65    3.65
2    -1.66667    0.333333
5    1.68333    6.68333
2    -1.7    0.3
-2    -1.71667    -3.71667
5    1.73333    6.73333
2    -1.75    0.25
-2    -1.76667    -3.76667
-2    -1.78333    -3.78333
2    -1.8    0.2
2    1.81667    3.81667
2    1.83333    3.83333
5    1.85    6.85
2    1.86667    3.86667
2    1.88333    3.88333
5    1.9    6.9
5    1.91667    6.91667
2    -1.93333    0.0666667
5    1.95    6.95
2    -1.96667    0.0333333
2    1.98333    3.98333
____________________________________
Mon Jun  3 17:54:10 2024


PARAMETERS
NUMBER_NEURON = 6
ODOM_TEST = 1.7
VOLTAGE_TRESHOLD = 2
LEARNING_RATE = 0.1
LEAK_RATE_TEST = 1.5
TIME_ITERATION = 120
ITERATION_SPIKE_IN = 400
RANDOM_SEED_TEST_SNN = 27
RANDOM_SEED_TEST_GYRO = 31
RANDOM_SEED_TEST_IN = 10
THRESHOLD_COORDINATES = 0.043
THRESHOLD_GYROSCOPE = 0.03  0.03  1.9   
0    -0    -0
0    -0.0166667    -0.0166667
0    -0.0333333    -0.0333333
0    -0.05    -0.05
-2    -0.0666667    -2.06667
-2    -0.0833333    -2.08333
-2    -0.1    -2.1
-2    0.116667    -1.88333
-2    0.133333    -1.86667
2    0.15    2.15
-2    0.166667    -1.83333
2    0.183333    2.18333
-2    0.2    -1.8
2    0.216667    2.21667
-2    0.233333    -1.76667
5    0.25    5.25
2    -0.266667    1.73333
-2    -0.283333    -2.28333
2    -0.3    1.7
-2    -0.316667    -2.31667
2    -0.333333    1.66667
2    -0.35    1.65
2    -0.366667    1.63333
2    -0.383333    1.61667
-2    -0.4    -2.4
-2    -0.416667    -2.41667
2    -0.433333    1.56667
-2    -0.45    -2.45
2    -0.466667    1.53333
2    -0.483333    1.51667
-2    -0.5    -2.5
-2    -0.516667    -2.51667
-2    -0.533333    -2.53333
2    -0.55    1.45
2    -0.566667    1.43333
2    -0.583333    1.41667
2    0.6    2.6
-2    -0.616667    -2.61667
2    0.633333    2.63333
-2    -0.65    -2.65
2    0.666667    2.66667
2    -0.683333    1.31667
2    -0.7    1.3
-2    -0.716667    -2.71667
-2    -0.733333    -2.73333
2    -0.75    1.25
2    -0.766667    1.23333
-2    -0.783333    -2.78333
2    -0.8    1.2
2    -0.816667    1.18333
2    -0.833333    1.16667
2    0.85    2.85
-2    -0.866667    -2.86667
-2    -0.883333    -2.88333
2    -0.9    1.1
2    -0.916667    1.08333
2    0.933333    2.93333
2    -0.95    1.05
-2    -0.966667    -2.96667
2    -0.983333    1.01667
2    1    3
2    -1.01667    0.983333
2    1.03333    3.03333
2    -1.05    0.95
2    1.06667    3.06667
2    -1.08333    0.916667
-2    -1.1    -3.1
-2    -1.11667    -3.11667
-2    -1.13333    -3.13333
2    -1.15    0.85
2    1.16667    3.16667
2    1.18333    3.18333
2    1.2    3.2
2    -1.21667    0.783333
2    1.23333    3.23333
2    -1.25    0.75
-2    -1.26667    -3.26667
2    -1.28333    0.716667
2    1.3    3.3
2    -1.31667    0.683333
2    1.33333    3.33333
-2    -1.35    -3.35
-2    -1.36667    -3.36667
2    -1.38333    0.616667
2    1.4    3.4
2    -1.41667    0.583333
2    1.43333    3.43333
-2    1.45    -0.55
-2    1.46667    -0.533333
-2    -1.48333    -3.48333
-2    -1.5    -3.5
2    -1.51667    0.483333
2    1.53333    3.53333
2    -1.55    0.45
2    1.56667    3.56667
-2    -1.58333    -3.58333
2    -1.6    0.4
2    -1.61667    0.383333
-2    -1.63333    -3.63333
2    -1.65    0.35
2    1.66667    3.66667
2    -1.68333    0.316667
-2    -1.7    -3.7
2    -1.71667    0.283333
2    -1.73333    0.266667
2    -1.75    0.25
2    -1.76667    0.233333
-2    -1.78333    -3.78333
2    -1.8    0.2
2    -1.81667    0.183333
2    -1.83333    0.166667
2    -1.85    0.15
2    -1.86667    0.133333
2    -1.88333    0.116667
2    -1.9    0.1
-2    -1.91667    -3.91667
2    -1.93333    0.0666667
2    -1.95    0.05
2    -1.96667    0.0333333
2    -1.98333    0.0166667
____________________________________
Mon Jun  3 18:13:11 2024


PARAMETERS
NUMBER_NEURON = 6
ODOM_TEST = 1.7
VOLTAGE_TRESHOLD = 2
LEARNING_RATE = 0.1
LEAK_RATE_TEST = 1.5
TIME_ITERATION = 120
ITERATION_SPIKE_IN = 400
RANDOM_SEED_TEST_SNN = 27
RANDOM_SEED_TEST_GYRO = 31
RANDOM_SEED_TEST_IN = 10
THRESHOLD_COORDINATES = 0.043
THRESHOLD_GYROSCOPE = 0.03  0.03  1.9   
0    0    0
0    -0.0166667    -0.0166667
0    -0.0333333    -0.0333333
0    -0.05    -0.05
-2    -0.0666667    -2.06667
-2    -0.0833333    -2.08333
-2    -0.1    -2.1
-2    0.116667    -1.88333
-2    0.133333    -1.86667
2    0.15    2.15
-2    0.166667    -1.83333
2    0.183333    2.18333
-2    -0.2    -2.2
2    0.216667    2.21667
-2    0.233333    -1.76667
2    0.25    2.25
2    -0.266667    1.73333
-2    -0.283333    -2.28333
2    -0.3    1.7
-2    -0.316667    -2.31667
2    -0.333333    1.66667
2    -0.35    1.65
2    -0.366667    1.63333
2    -0.383333    1.61667
-2    -0.4    -2.4
-2    0.416667    -1.58333
2    -0.433333    1.56667
-2    -0.45    -2.45
2    -0.466667    1.53333
5    0.483333    5.48333
-2    -0.5    -2.5
-2    0.516667    -1.48333
-2    -0.533333    -2.53333
-2    -0.55    -2.55
2    -0.566667    1.43333
-2    -0.583333    -2.58333
2    -0.6    1.4
5    0.616667    5.61667
-2    -0.633333    -2.63333
-2    0.65    -1.35
-2    -0.666667    -2.66667
2    -0.683333    1.31667
2    -0.7    1.3
2    -0.716667    1.28333
2    -0.733333    1.26667
-2    -0.75    -2.75
-2    -0.766667    -2.76667
2    -0.783333    1.21667
2    -0.8    1.2
2    -0.816667    1.18333
2    -0.833333    1.16667
-2    -0.85    -2.85
5    0.866667    5.86667
2    -0.883333    1.11667
2    -0.9    1.1
-2    -0.916667    -2.91667
-2    -0.933333    -2.93333
2    -0.95    1.05
5    0.966667    5.96667
-2    -0.983333    -2.98333
-2    1    -1
-2    1.01667    -0.983333
-2    1.03333    -0.966667
-2    1.05    -0.95
2    -1.06667    0.933333
-2    -1.08333    -3.08333
2    -1.1    0.9
-2    -1.11667    -3.11667
2    -1.13333    0.866667
5    1.15    6.15
5    1.16667    6.16667
5    1.18333    6.18333
5    -1.2    3.8
5    1.21667    6.21667
5    1.23333    6.23333
5    1.25    6.25
5    1.26667    6.26667
5    1.28333    6.28333
5    1.3    6.3
5    1.31667    6.31667
5    1.33333    6.33333
5    1.35    6.35
5    1.36667    6.36667
5    1.38333    6.38333
5    1.4    6.4
5    1.41667    6.41667
5    1.43333    6.43333
5    1.45    6.45
5    1.46667    6.46667
5    1.48333    6.48333
5    1.5    6.5
5    1.51667    6.51667
5    1.53333    6.53333
5    1.55    6.55
5    1.56667    6.56667
5    1.58333    6.58333
5    1.6    6.6
5    1.61667    6.61667
5    1.63333    6.63333
5    1.65    6.65
5    1.66667    6.66667
5    1.68333    6.68333
5    1.7    6.7
5    1.71667    6.71667
5    1.73333    6.73333
5    1.75    6.75
5    1.76667    6.76667
5    1.78333    6.78333
5    1.8    6.8
5    1.81667    6.81667
5    1.83333    6.83333
5    1.85    6.85
5    1.86667    6.86667
5    1.88333    6.88333
5    1.9    6.9
5    1.91667    6.91667
5    1.93333    6.93333
5    1.95    6.95
5    1.96667    6.96667
5    1.98333    6.98333
____________________________________
Mon Jun  3 18:36:16 2024


PARAMETERS
NUMBER_NEURON = 6
ODOM_TEST = 2
VOLTAGE_TRESHOLD = 2
LEARNING_RATE = 0.1
LEAK_RATE_TEST = 1.5
TIME_ITERATION = 120
ITERATION_SPIKE_IN = 400
RANDOM_SEED_TEST_SNN = 87
RANDOM_SEED_TEST_GYRO = 20
RANDOM_SEED_TEST_IN = 10
THRESHOLD_COORDINATES = 0.043
THRESHOLD_GYROSCOPE = 0.03  0.03  1.9   
____________________________________
Mon Jun  3 18:36:16 2024


PARAMETERS
NUMBER_NEURON = 6
ODOM_TEST = 2
VOLTAGE_TRESHOLD = 2
LEARNING_RATE = 0.1
LEAK_RATE_TEST = 1.5
TIME_ITERATION = 120
ITERATION_SPIKE_IN = 400
RANDOM_SEED_TEST_SNN = 87
RANDOM_SEED_TEST_GYRO = 20
RANDOM_SEED_TEST_IN = 10
THRESHOLD_COORDINATES = 0.043
THRESHOLD_GYROSCOPE = 0.03  0.03  1.9   
0    -0    -0
0    -0.0166667    -0.0166667
0    -0.0333333    -0.0333333
0    -0.05    -0.05
-2    -0.0666667    -2.06667
-2    -0.0833333    -2.08333
-2    -0.1    -2.1
2    -0.116667    1.88333
-2    0.133333    -1.86667
-2    -0.15    -2.15
2    0.166667    2.16667
-2    -0.183333    -2.18333
2    0.2    2.2
2    -0.216667    1.78333
-2    -0.233333    -2.23333
-2    -0.25    -2.25
2    -0.266667    1.73333
2    -0.283333    1.71667
-2    0.3    -1.7
-2    -0.316667    -2.31667
-2    -0.333333    -2.33333
2    -0.35    1.65
2    0.366667    2.36667
2    -0.383333    1.61667
2    0.4    2.4
-2    -0.416667    -2.41667
-2    0.433333    -1.56667
2    -0.45    1.55
-2    -0.466667    -2.46667
2    0.483333    2.48333
2    -0.5    1.5
2    -0.516667    1.48333
2    -0.533333    1.46667
-2    -0.55    -2.55
2    -0.566667    1.43333
2    -0.583333    1.41667
2    -0.6    1.4
2    0.616667    2.61667
-2    -0.633333    -2.63333
-2    -0.65    -2.65
2    0.666667    2.66667
2    0.683333    2.68333
-2    -0.7    -2.7
-2    0.716667    -1.28333
2    -0.733333    1.26667
-2    -0.75    -2.75
2    -0.766667    1.23333
-2    -0.783333    -2.78333
2    -0.8    1.2
-2    -0.816667    -2.81667
2    -0.833333    1.16667
-2    -0.85    -2.85
2    -0.866667    1.13333
-2    -0.883333    -2.88333
2    -0.9    1.1
-2    -0.916667    -2.91667
2    -0.933333    1.06667
-2    -0.95    -2.95
2    -0.966667    1.03333
-2    -0.983333    -2.98333
2    -1    1
-2    -1.01667    -3.01667
2    -1.03333    0.966667
-2    -1.05    -3.05
2    -1.06667    0.933333
-2    -1.08333    -3.08333
2    -1.1    0.9
-2    -1.11667    -3.11667
2    -1.13333    0.866667
-2    -1.15    -3.15
2    -1.16667    0.833333
-2    -1.18333    -3.18333
2    -1.2    0.8
-2    -1.21667    -3.21667
2    -1.23333    0.766667
-2    -1.25    -3.25
2    -1.26667    0.733333
-2    -1.28333    -3.28333
2    -1.3    0.7
-2    -1.31667    -3.31667
2    -1.33333    0.666667
-2    -1.35    -3.35
2    -1.36667    0.633333
-2    -1.38333    -3.38333
2    -1.4    0.6
-2    -1.41667    -3.41667
2    -1.43333    0.566667
-2    -1.45    -3.45
2    -1.46667    0.533333
-2    -1.48333    -3.48333
2    -1.5    0.5
-2    -1.51667    -3.51667
2    -1.53333    0.466667
-2    -1.55    -3.55
2    -1.56667    0.433333
-2    -1.58333    -3.58333
2    -1.6    0.4
-2    -1.61667    -3.61667
2    -1.63333    0.366667
-2    -1.65    -3.65
2    -1.66667    0.333333
-2    -1.68333    -3.68333
2    -1.7    0.3
-2    -1.71667    -3.71667
2    -1.73333    0.266667
-2    -1.75    -3.75
2    -1.76667    0.233333
-2    -1.78333    -3.78333
2    -1.8    0.2
-2    -1.81667    -3.81667
2    -1.83333    0.166667
-2    -1.85    -3.85
2    -1.86667    0.133333
-2    -1.88333    -3.88333
2    -1.9    0.1
-2    -1.91667    -3.91667
2    -1.93333    0.0666667
-2    -1.95    -3.95
2    -1.96667    0.0333333
-2    -1.98333    -3.98333
____________________________________
Mon Jun  3 18:56:44 2024


PARAMETERS
NUMBER_NEURON = 6
ODOM_TEST = 2
VOLTAGE_TRESHOLD = 2
LEARNING_RATE = 0.1
LEAK_RATE_TEST = 1.5
TIME_ITERATION = 120
ITERATION_SPIKE_IN = 400
RANDOM_SEED_TEST_SNN = 87
RANDOM_SEED_TEST_GYRO = 20
RANDOM_SEED_TEST_IN = 10
THRESHOLD_COORDINATES = 0.043
THRESHOLD_GYROSCOPE = 0.03  0.03  1.9   
0    -0    -0
0    -0.0166667    -0.0166667
0    -0.0333333    -0.0333333
0    -0.05    -0.05
-2    -0.0666667    -2.06667
-2    -0.0833333    -2.08333
-2    0.1    -1.9
5    0.116667    5.11667
-2    -0.133333    -2.13333
-2    -0.15    -2.15
-2    0.166667    -1.83333
-2    -0.183333    -2.18333
-2    0.2    -1.8
2    0.216667    2.21667
2    -0.233333    1.76667
2    -0.25    1.75
2    -0.266667    1.73333
-2    -0.283333    -2.28333
-2    0.3    -1.7
-2    0.316667    -1.68333
2    -0.333333    1.66667
2    -0.35    1.65
2    -0.366667    1.63333
2    -0.383333    1.61667
-2    -0.4    -2.4
-2    -0.416667    -2.41667
2    0.433333    2.43333
2    -0.45    1.55
2    -0.466667    1.53333
2    -0.483333    1.51667
-2    -0.5    -2.5
-2    -0.516667    -2.51667
2    -0.533333    1.46667
2    -0.55    1.45
2    0.566667    2.56667
2    -0.583333    1.41667
-2    -0.6    -2.6
-2    -0.616667    -2.61667
2    0.633333    2.63333
2    -0.65    1.35
2    -0.666667    1.33333
2    -0.683333    1.31667
2    -0.7    1.3
2    -0.716667    1.28333
2    -0.733333    1.26667
-2    -0.75    -2.75
-2    -0.766667    -2.76667
-2    -0.783333    -2.78333
2    0.8    2.8
2    -0.816667    1.18333
2    -0.833333    1.16667
2    -0.85    1.15
-2    -0.866667    -2.86667
-2    -0.883333    -2.88333
2    -0.9    1.1
2    -0.916667    1.08333
2    -0.933333    1.06667
2    -0.95    1.05
-2    -0.966667    -2.96667
-2    -0.983333    -2.98333
2    -1    1
2    -1.01667    0.983333
-2    -1.03333    -3.03333
2    -1.05    0.95
2    -1.06667    0.933333
2    -1.08333    0.916667
-2    -1.1    -3.1
2    -1.11667    0.883333
2    -1.13333    0.866667
2    -1.15    0.85
-2    -1.16667    -3.16667
-2    -1.18333    -3.18333
2    -1.2    0.8
2    -1.21667    0.783333
2    -1.23333    0.766667
2    1.25    3.25
-2    1.26667    -0.733333
-2    -1.28333    -3.28333
2    -1.3    0.7
-2    -1.31667    -3.31667
2    -1.33333    0.666667
2    -1.35    0.65
2    -1.36667    0.633333
2    -1.38333    0.616667
-2    -1.4    -3.4
2    -1.41667    0.583333
2    -1.43333    0.566667
2    -1.45    0.55
2    -1.46667    0.533333
-2    -1.48333    -3.48333
2    1.5    3.5
2    -1.51667    0.483333
2    -1.53333    0.466667
2    -1.55    0.45
-2    -1.56667    -3.56667
2    -1.58333    0.416667
2    1.6    3.6
2    -1.61667    0.383333
2    -1.63333    0.366667
-2    -1.65    -3.65
2    -1.66667    0.333333
2    -1.68333    0.316667
2    -1.7    0.3
2    -1.71667    0.283333
-2    -1.73333    -3.73333
2    -1.75    0.25
2    -1.76667    0.233333
2    1.78333    3.78333
2    -1.8    0.2
-2    -1.81667    -3.81667
2    1.83333    3.83333
2    1.85    3.85
5    1.86667    6.86667
2    -1.88333    0.116667
-2    -1.9    -3.9
2    1.91667    3.91667
2    -1.93333    0.0666667
2    -1.95    0.05
2    -1.96667    0.0333333
-2    -1.98333    -3.98333
____________________________________
Mon Jun  3 19:13:13 2024


PARAMETERS
NUMBER_NEURON = 6
ODOM_TEST = 2
VOLTAGE_TRESHOLD = 2
LEARNING_RATE = 0.1
LEAK_RATE_TEST = 1.5
TIME_ITERATION = 120
ITERATION_SPIKE_IN = 400
RANDOM_SEED_TEST_SNN = 87
RANDOM_SEED_TEST_GYRO = 20
RANDOM_SEED_TEST_IN = 10
THRESHOLD_COORDINATES = 0.043
THRESHOLD_GYROSCOPE = 0.03  0.03  1.9   
0    -0    -0
0    -0.0166667    -0.0166667
0    -0.0333333    -0.0333333
0    -0.05    -0.05
-2    -0.0666667    -2.06667
-2    -0.0833333    -2.08333
-2    -0.1    -2.1
5    0.116667    5.11667
-2    0.133333    -1.86667
-2    -0.15    -2.15
-2    0.166667    -1.83333
-2    -0.183333    -2.18333
-2    0.2    -1.8
2    -0.216667    1.78333
2    -0.233333    1.76667
2    -0.25    1.75
2    -0.266667    1.73333
-2    -0.283333    -2.28333
2    0.3    2.3
2    -0.316667    1.68333
2    -0.333333    1.66667
2    -0.35    1.65
-2    0.366667    -1.63333
-2    -0.383333    -2.38333
2    0.4    2.4
2    -0.416667    1.58333
2    -0.433333    1.56667
2    -0.45    1.55
-2    -0.466667    -2.46667
-2    -0.483333    -2.48333
2    0.5    2.5
2    -0.516667    1.48333
2    -0.533333    1.46667
2    -0.55    1.45
-2    0.566667    -1.43333
-2    0.583333    -1.41667
-2    -0.6    -2.6
-2    0.616667    -1.38333
2    -0.633333    1.36667
-2    -0.65    -2.65
2    -0.666667    1.33333
2    -0.683333    1.31667
-2    -0.7    -2.7
2    -0.716667    1.28333
2    -0.733333    1.26667
2    -0.75    1.25
2    -0.766667    1.23333
-2    -0.783333    -2.78333
2    -0.8    1.2
2    -0.816667    1.18333
2    -0.833333    1.16667
2    -0.85    1.15
-2    -0.866667    -2.86667
2    0.883333    2.88333
-2    -0.9    -2.9
-2    -0.916667    -2.91667
2    -0.933333    1.06667
-2    -0.95    -2.95
2    -0.966667    1.03333
2    -0.983333    1.01667
2    -1    1
2    -1.01667    0.983333
-2    -1.03333    -3.03333
2    -1.05    0.95
2    1.06667    3.06667
2    -1.08333    0.916667
2    -1.1    0.9
-2    -1.11667    -3.11667
2    -1.13333    0.866667
2    1.15    3.15
2    1.16667    3.16667
2    -1.18333    0.816667
-2    -1.2    -3.2
2    1.21667    3.21667
2    -1.23333    0.766667
2    -1.25    0.75
-2    -1.26667    -3.26667
2    -1.28333    0.716667
-2    -1.3    -3.3
2    -1.31667    0.683333
2    1.33333    3.33333
2    -1.35    0.65
-2    -1.36667    -3.36667
2    1.38333    3.38333
2    1.4    3.4
2    -1.41667    0.583333
2    -1.43333    0.566667
-2    -1.45    -3.45
2    -1.46667    0.533333
2    -1.48333    0.516667
-2    -1.5    -3.5
2    -1.51667    0.483333
2    1.53333    3.53333
2    -1.55    0.45
-2    -1.56667    -3.56667
2    1.58333    3.58333
-2    -1.6    -3.6
2    -1.61667    0.383333
2    1.63333    3.63333
2    -1.65    0.35
2    -1.66667    0.333333
-2    -1.68333    -3.68333
2    -1.7    0.3
2    -1.71667    0.283333
2    -1.73333    0.266667
-2    -1.75    -3.75
2    -1.76667    0.233333
2    -1.78333    0.216667
2    -1.8    0.2
2    -1.81667    0.183333
-2    1.83333    -0.166667
2    1.85    3.85
-2    -1.86667    -3.86667
2    1.88333    3.88333
2    -1.9    0.1
-2    -1.91667    -3.91667
2    -1.93333    0.0666667
2    -1.95    0.05
2    -1.96667    0.0333333
2    1.98333    3.98333
____________________________________
Mon Jun  3 19:30:27 2024


PARAMETERS
NUMBER_NEURON = 6
ODOM_TEST = 2
VOLTAGE_TRESHOLD = 2
LEARNING_RATE = 0.1
LEAK_RATE_TEST = 1.5
TIME_ITERATION = 120
ITERATION_SPIKE_IN = 400
RANDOM_SEED_TEST_SNN = 87
RANDOM_SEED_TEST_GYRO = 20
RANDOM_SEED_TEST_IN = 10
THRESHOLD_COORDINATES = 0.043
THRESHOLD_GYROSCOPE = 0.03  0.03  1.9   
0    -0    -0
0    -0.0166667    -0.0166667
0    -0.0333333    -0.0333333
0    -0.05    -0.05
-2    -0.0666667    -2.06667
-2    -0.0833333    -2.08333
-2    -0.1    -2.1
5    -0.116667    4.88333
-2    0.133333    -1.86667
-2    0.15    -1.85
-2    0.166667    -1.83333
-2    -0.183333    -2.18333
-2    -0.2    -2.2
2    -0.216667    1.78333
-2    -0.233333    -2.23333
2    -0.25    1.75
2    -0.266667    1.73333
2    0.283333    2.28333
5    0.3    5.3
2    0.316667    2.31667
5    0.333333    5.33333
2    -0.35    1.65
5    0.366667    5.36667
2    -0.383333    1.61667
5    0.4    5.4
2    0.416667    2.41667
2    0.433333    2.43333
2    0.45    2.45
5    0.466667    5.46667
5    0.483333    5.48333
5    0.5    5.5
2    0.516667    2.51667
5    0.533333    5.53333
5    0.55    5.55
5    -0.566667    4.43333
2    0.583333    2.58333
5    0.6    5.6
5    0.616667    5.61667
5    0.633333    5.63333
2    0.65    2.65
5    0.666667    5.66667
2    0.683333    2.68333
5    0.7    5.7
2    -0.716667    1.28333
5    0.733333    5.73333
5    0.75    5.75
5    0.766667    5.76667
5    0.783333    5.78333
2    -0.8    1.2
2    0.816667    2.81667
2    0.833333    2.83333
2    0.85    2.85
5    0.866667    5.86667
2    0.883333    2.88333
5    0.9    5.9
2    0.916667    2.91667
5    0.933333    5.93333
2    -0.95    1.05
5    0.966667    5.96667
5    0.983333    5.98333
5    1    6
2    1.01667    3.01667
5    1.03333    6.03333
2    -1.05    0.95
2    1.06667    3.06667
2    1.08333    3.08333
5    1.1    6.1
5    1.11667    6.11667
2    1.13333    3.13333
2    1.15    3.15
2    1.16667    3.16667
2    1.18333    3.18333
-2    -1.2    -3.2
-2    -1.21667    -3.21667
-2    -1.23333    -3.23333
-2    -1.25    -3.25
2    -1.26667    0.733333
5    1.28333    6.28333
5    1.3    6.3
2    -1.31667    0.683333
5    1.33333    6.33333
5    1.35    6.35
2    -1.36667    0.633333
2    1.38333    3.38333
5    1.4    6.4
2    -1.41667    0.583333
5    1.43333    6.43333
5    1.45    6.45
5    1.46667    6.46667
5    1.48333    6.48333
5    1.5    6.5
2    -1.51667    0.483333
5    1.53333    6.53333
5    1.55    6.55
5    1.56667    6.56667
2    1.58333    3.58333
5    1.6    6.6
5    1.61667    6.61667
2    1.63333    3.63333
2    1.65    3.65
5    1.66667    6.66667
5    1.68333    6.68333
2    -1.7    0.3
5    1.71667    6.71667
5    1.73333    6.73333
2    1.75    3.75
____________________________________
Mon Jun  3 20:05:08 2024


PARAMETERS
NUMBER_NEURON = 6
ODOM_TEST = 2
VOLTAGE_TRESHOLD = 2
LEARNING_RATE = 0.1
LEAK_RATE_TEST = 1.5
TIME_ITERATION = 120
ITERATION_SPIKE_IN = 400
RANDOM_SEED_TEST_SNN = 40
RANDOM_SEED_TEST_GYRO = 3
RANDOM_SEED_TEST_IN = 10
THRESHOLD_COORDINATES = 0.043
THRESHOLD_GYROSCOPE = 0.03  0.03  1.9   
____________________________________
Mon Jun  3 20:05:08 2024


PARAMETERS
NUMBER_NEURON = 6
ODOM_TEST = 2
VOLTAGE_TRESHOLD = 2
LEARNING_RATE = 0.1
LEAK_RATE_TEST = 1.5
TIME_ITERATION = 120
ITERATION_SPIKE_IN = 400
RANDOM_SEED_TEST_SNN = 40
RANDOM_SEED_TEST_GYRO = 3
RANDOM_SEED_TEST_IN = 10
THRESHOLD_COORDINATES = 0.043
THRESHOLD_GYROSCOPE = 0.03  0.03  1.9   
0    0    0
0    -0.0166667    -0.0166667
0    -0.0333333    -0.0333333
0    -0.05    -0.05
-2    -0.0666667    -2.06667
-2    0.0833333    -1.91667
-2    0.1    -1.9
-2    0.116667    -1.88333
-2    -0.133333    -2.13333
5    0.15    5.15
2    -0.166667    1.83333
-2    -0.183333    -2.18333
2    -0.2    1.8
-2    0.216667    -1.78333
-2    0.233333    -1.76667
-2    0.25    -1.75
2    -0.266667    1.73333
2    -0.283333    1.71667
-2    -0.3    -2.3
2    -0.316667    1.68333
2    0.333333    2.33333
2    -0.35    1.65
2    -0.366667    1.63333
-2    -0.383333    -2.38333
-2    -0.4    -2.4
2    -0.416667    1.58333
2    -0.433333    1.56667
2    -0.45    1.55
-2    -0.466667    -2.46667
2    0.483333    2.48333
2    0.5    2.5
2    -0.516667    1.48333
2    -0.533333    1.46667
-2    -0.55    -2.55
-2    0.566667    -1.43333
2    -0.583333    1.41667
2    -0.6    1.4
2    -0.616667    1.38333
-2    -0.633333    -2.63333
5    0.65    5.65
2    -0.666667    1.33333
5    0.683333    5.68333
2    -0.7    1.3
-2    -0.716667    -2.71667
-2    0.733333    -1.26667
-2    0.75    -1.25
-2    -0.766667    -2.76667
5    0.783333    5.78333
-2    -0.8    -2.8
5    0.816667    5.81667
2    -0.833333    1.16667
5    0.85    5.85
2    -0.866667    1.13333
-2    -0.883333    -2.88333
-2    0.9    -1.1
5    0.916667    5.91667
-2    -0.933333    -2.93333
5    0.95    5.95
-2    -0.966667    -2.96667
5    0.983333    5.98333
-2    -1    -3
5    1.01667    6.01667
5    1.03333    6.03333
-2    -1.05    -3.05
-2    1.06667    -0.933333
5    1.08333    6.08333
-2    -1.1    -3.1
5    1.11667    6.11667
-2    -1.13333    -3.13333
-2    -1.15    -3.15
5    1.16667    6.16667
-2    -1.18333    -3.18333
5    1.2    6.2
2    -1.21667    0.783333
-2    -1.23333    -3.23333
-2    -1.25    -3.25
2    -1.26667    0.733333
2    -1.28333    0.716667
2    -1.3    0.7
-2    -1.31667    -3.31667
2    1.33333    3.33333
2    1.35    3.35
5    1.36667    6.36667
2    -1.38333    0.616667
-2    -1.4    -3.4
-2    -1.41667    -3.41667
2    -1.43333    0.566667
2    -1.45    0.55
2    -1.46667    0.533333
2    -1.48333    0.516667
-2    1.5    -0.5
2    -1.51667    0.483333
2    1.53333    3.53333
-2    1.55    -0.45
2    -1.56667    0.433333
0    -1.58333    -1.58333
2    -1.6    0.4
2    -1.61667    0.383333
2    1.63333    3.63333
2    1.65    3.65
-2    -1.66667    -3.66667
-2    1.68333    -0.316667
5    1.7    6.7
2    -1.71667    0.283333
-2    -1.73333    -3.73333
5    1.75    6.75
2    -1.76667    0.233333
2    1.78333    3.78333
-2    -1.8    -3.8
-2    1.81667    -0.183333
2    -1.83333    0.166667
2    -1.85    0.15
2    -1.86667    0.133333
-2    1.88333    -0.116667
5    1.9    6.9
-2    -1.91667    -3.91667
-2    -1.93333    -3.93333
2    -1.95    0.05
2    -1.96667    0.0333333
-2    1.98333    -0.0166667
____________________________________
Mon Jun  3 20:27:28 2024


PARAMETERS
NUMBER_NEURON = 6
ODOM_TEST = 2
VOLTAGE_TRESHOLD = 2
LEARNING_RATE = 0.1
LEAK_RATE_TEST = 1.5
TIME_ITERATION = 120
ITERATION_SPIKE_IN = 400
RANDOM_SEED_TEST_SNN = 40
RANDOM_SEED_TEST_GYRO = 3
RANDOM_SEED_TEST_IN = 10
THRESHOLD_COORDINATES = 0.043
THRESHOLD_GYROSCOPE = 0.03  0.03  1.9   
0    -0    -0
0    -0.0166667    -0.0166667
0    -0.0333333    -0.0333333
0    -0.05    -0.05
-2    -0.0666667    -2.06667
-2    0.0833333    -1.91667
____________________________________
Mon Jun  3 20:35:56 2024


PARAMETERS
NUMBER_NEURON = 6
ODOM_TEST = 2
VOLTAGE_TRESHOLD = 2
LEARNING_RATE = 0.1
LEAK_RATE_TEST = 1.5
TIME_ITERATION = 120
ITERATION_SPIKE_IN = 400
RANDOM_SEED_TEST_SNN = 40
RANDOM_SEED_TEST_GYRO = 3
RANDOM_SEED_TEST_IN = 10
THRESHOLD_COORDINATES = 0.043
THRESHOLD_GYROSCOPE = 0.03  0.03  1.9   
____________________________________
Mon Jun  3 20:35:56 2024


PARAMETERS
NUMBER_NEURON = 6
ODOM_TEST = 2
VOLTAGE_TRESHOLD = 2
LEARNING_RATE = 0.1
LEAK_RATE_TEST = 1.5
TIME_ITERATION = 120
ITERATION_SPIKE_IN = 400
RANDOM_SEED_TEST_SNN = 40
RANDOM_SEED_TEST_GYRO = 3
RANDOM_SEED_TEST_IN = 10
THRESHOLD_COORDINATES = 0.043
THRESHOLD_GYROSCOPE = 0.03  0.03  1.9   
0    0    0
0    -0.0166667    -0.0166667
0    -0.0333333    -0.0333333
0    -0.05    -0.05
-2    -0.0666667    -2.06667
-2    0.0833333    -1.91667
-2    0.1    -1.9
-2    0.116667    -1.88333
-2    -0.133333    -2.13333
5    0.15    5.15
2    -0.166667    1.83333
-2    -0.183333    -2.18333
2    -0.2    1.8
-2    0.216667    -1.78333
-2    0.233333    -1.76667
-2    0.25    -1.75
2    -0.266667    1.73333
2    -0.283333    1.71667
-2    -0.3    -2.3
2    -0.316667    1.68333
5    0.333333    5.33333
2    0.35    2.35
2    -0.366667    1.63333
-2    0.383333    -1.61667
2    -0.4    1.6
2    -0.416667    1.58333
2    -0.433333    1.56667
2    -0.45    1.55
-2    -0.466667    -2.46667
-2    0.483333    -1.51667
2    -0.5    1.5
-2    0.516667    -1.48333
2    -0.533333    1.46667
-2    -0.55    -2.55
-2    -0.566667    -2.56667
2    -0.583333    1.41667
2    -0.6    1.4
2    -0.616667    1.38333
2    -0.633333    1.36667
-2    -0.65    -2.65
2    -0.666667    1.33333
2    -0.683333    1.31667
-2    -0.7    -2.7
-2    0.716667    -1.28333
5    0.733333    5.73333
2    -0.75    1.25
-2    -0.766667    -2.76667
-2    0.783333    -1.21667
-2    -0.8    -2.8
5    0.816667    5.81667
2    0.833333    2.83333
5    0.85    5.85
-2    -0.866667    -2.86667
-2    -0.883333    -2.88333
-2    0.9    -1.1
2    -0.916667    1.08333
2    -0.933333    1.06667
5    0.95    5.95
-2    -0.966667    -2.96667
-2    -0.983333    -2.98333
2    -1    1
2    -1.01667    0.983333
2    -1.03333    0.966667
-2    -1.05    -3.05
2    -1.06667    0.933333
2    1.08333    3.08333
2    -1.1    0.9
-2    -1.11667    -3.11667
-2    1.13333    -0.866667
2    -1.15    0.85
2    -1.16667    0.833333
-2    -1.18333    -3.18333
2    -1.2    0.8
2    1.21667    3.21667
2    -1.23333    0.766667
2    -1.25    0.75
-2    -1.26667    -3.26667
2    1.28333    3.28333
2    -1.3    0.7
2    1.31667    3.31667
5    1.33333    6.33333
-2    -1.35    -3.35
-2    -1.36667    -3.36667
2    1.38333    3.38333
2    -1.4    0.6
5    1.41667    6.41667
2    -1.43333    0.566667
2    -1.45    0.55
2    1.46667    3.46667
2    -1.48333    0.516667
-2    -1.5    -3.5
2    1.51667    3.51667
-2    -1.53333    -3.53333
2    -1.55    0.45
2    1.56667    3.56667
____________________________________
Tue Jun  4 17:34:20 2024


PARAMETERS
NUMBER_NEURON = 6
ODOM_TEST = 2
VOLTAGE_TRESHOLD = 2
LEARNING_RATE = 0.1
LEAK_RATE_TEST = 1.5
TIME_ITERATION = 120
ITERATION_SPIKE_IN = 400
RANDOM_SEED_TEST_SNN = 40
RANDOM_SEED_TEST_GYRO = 3
RANDOM_SEED_TEST_IN = 10
THRESHOLD_COORDINATES = 0.043
THRESHOLD_GYROSCOPE = 0.03  0.03  1.9   
____________________________________
Tue Jun  4 17:34:20 2024


PARAMETERS
NUMBER_NEURON = 6
ODOM_TEST = 2
VOLTAGE_TRESHOLD = 2
LEARNING_RATE = 0.1
LEAK_RATE_TEST = 1.5
TIME_ITERATION = 120
ITERATION_SPIKE_IN = 400
RANDOM_SEED_TEST_SNN = 40
RANDOM_SEED_TEST_GYRO = 3
RANDOM_SEED_TEST_IN = 10
THRESHOLD_COORDINATES = 0.043
THRESHOLD_GYROSCOPE = 0.03  0.03  1.9   
0    -0    -0
0    -0.0166667    -0.0166667
0    -0.0333333    -0.0333333
0    -0.05    -0.05
-2    -0.0666667    -2.06667
-2    -0.0833333    -2.08333
-2    0.1    -1.9
-2    0.116667    -1.88333
-2    0.133333    -1.86667
5    0.15    5.15
2    -0.166667    1.83333
-2    -0.183333    -2.18333
2    -0.2    1.8
-2    0.216667    -1.78333
-2    -0.233333    -2.23333
-2    -0.25    -2.25
2    -0.266667    1.73333
2    -0.283333    1.71667
-2    -0.3    -2.3
2    -0.316667    1.68333
2    0.333333    2.33333
2    -0.35    1.65
2    -0.366667    1.63333
-2    0.383333    -1.61667
-2    -0.4    -2.4
2    0.416667    2.41667
2    -0.433333    1.56667
2    -0.45    1.55
-2    -0.466667    -2.46667
2    -0.483333    1.51667
2    -0.5    1.5
2    -0.516667    1.48333
2    -0.533333    1.46667
-2    -0.55    -2.55
-2    0.566667    -1.43333
2    -0.583333    1.41667
2    -0.6    1.4
2    -0.616667    1.38333
-2    -0.633333    -2.63333
2    -0.65    1.35
2    -0.666667    1.33333
2    -0.683333    1.31667
2    -0.7    1.3
-2    -0.716667    -2.71667
2    -0.733333    1.26667
-2    0.75    -1.25
2    -0.766667    1.23333
2    -0.783333    1.21667
-2    -0.8    -2.8
2    0.816667    2.81667
2    -0.833333    1.16667
2    -0.85    1.15
2    -0.866667    1.13333
-2    -0.883333    -2.88333
-2    0.9    -1.1
2    -0.916667    1.08333
-2    -0.933333    -2.93333
____________________________________
Tue Jun  4 17:46:32 2024


PARAMETERS
NUMBER_NEURON = 6
ODOM_TEST = 2
VOLTAGE_TRESHOLD = 2
LEARNING_RATE = 0.1
LEAK_RATE_TEST = 1.5
TIME_ITERATION = 120
ITERATION_SPIKE_IN = 400
RANDOM_SEED_TEST_SNN = 40
RANDOM_SEED_TEST_GYRO = 3
RANDOM_SEED_TEST_IN = 10
THRESHOLD_COORDINATES = 0.043
THRESHOLD_GYROSCOPE = 0.03  0.03  1.9   
____________________________________
Tue Jun  4 17:46:32 2024


PARAMETERS
NUMBER_NEURON = 6
ODOM_TEST = 2
VOLTAGE_TRESHOLD = 2
LEARNING_RATE = 0.1
LEAK_RATE_TEST = 1.5
TIME_ITERATION = 120
ITERATION_SPIKE_IN = 400
RANDOM_SEED_TEST_SNN = 40
RANDOM_SEED_TEST_GYRO = 3
RANDOM_SEED_TEST_IN = 10
THRESHOLD_COORDINATES = 0.043
THRESHOLD_GYROSCOPE = 0.03  0.03  1.9   
0    0    0
0    0    0
0    0    0
0    0    0
0    0    0
0    0    0
0    0    0
0    0    0
0    0    0
____________________________________
Tue Jun  4 17:48:45 2024


PARAMETERS
NUMBER_NEURON = 6
ODOM_TEST = 2
VOLTAGE_TRESHOLD = 2
LEARNING_RATE = 0.1
LEAK_RATE_TEST = 1.5
TIME_ITERATION = 120
ITERATION_SPIKE_IN = 400
RANDOM_SEED_TEST_SNN = 40
RANDOM_SEED_TEST_GYRO = 3
RANDOM_SEED_TEST_IN = 10
THRESHOLD_COORDINATES = 0.043
THRESHOLD_GYROSCOPE = 0.03  0.03  1.9   
____________________________________
Tue Jun  4 17:48:45 2024


PARAMETERS
NUMBER_NEURON = 6
ODOM_TEST = 2
VOLTAGE_TRESHOLD = 2
LEARNING_RATE = 0.1
LEAK_RATE_TEST = 1.5
TIME_ITERATION = 120
ITERATION_SPIKE_IN = 400
RANDOM_SEED_TEST_SNN = 40
RANDOM_SEED_TEST_GYRO = 3
RANDOM_SEED_TEST_IN = 10
THRESHOLD_COORDINATES = 0.043
THRESHOLD_GYROSCOPE = 0.03  0.03  1.9   
0    -0    -0
0    -0.0166667    -0.0166667
0    -0.0333333    -0.0333333
0    -0.05    -0.05
-2    -0.0666667    -2.06667
-2    -0.0833333    -2.08333
-2    0.1    -1.9
-2    0.116667    -1.88333
-2    0.133333    -1.86667
5    0.15    5.15
2    -0.166667    1.83333
-2    -0.183333    -2.18333
2    -0.2    1.8
-2    0.216667    -1.78333
-2    0.233333    -1.76667
-2    -0.25    -2.25
2    -0.266667    1.73333
2    -0.283333    1.71667
-2    -0.3    -2.3
2    -0.316667    1.68333
5    0.333333    5.33333
2    -0.35    1.65
2    -0.366667    1.63333
-2    -0.383333    -2.38333
2    -0.4    1.6
2    -0.416667    1.58333
2    -0.433333    1.56667
2    -0.45    1.55
-2    0.466667    -1.53333
-2    0.483333    -1.51667
2    -0.5    1.5
-2    0.516667    -1.48333
2    -0.533333    1.46667
-2    -0.55    -2.55
2    -0.566667    1.43333
2    -0.583333    1.41667
2    -0.6    1.4
2    -0.616667    1.38333
2    -0.633333    1.36667
2    -0.65    1.35
2    -0.666667    1.33333
-2    -0.683333    -2.68333
-2    0.7    -1.3
____________________________________
Tue Jun  4 18:01:05 2024


PARAMETERS
NUMBER_NEURON = 6
ODOM_TEST = 2
VOLTAGE_TRESHOLD = 2
LEARNING_RATE = 0.1
LEAK_RATE_TEST = 1.5
TIME_ITERATION = 120
ITERATION_SPIKE_IN = 400
RANDOM_SEED_TEST_SNN = 11
RANDOM_SEED_TEST_GYRO = 3
RANDOM_SEED_TEST_IN = 10
THRESHOLD_COORDINATES = 0.043
THRESHOLD_GYROSCOPE = 0.03  0.03  1.9   
____________________________________
Tue Jun  4 18:01:05 2024


PARAMETERS
NUMBER_NEURON = 6
ODOM_TEST = 2
VOLTAGE_TRESHOLD = 2
LEARNING_RATE = 0.1
LEAK_RATE_TEST = 1.5
TIME_ITERATION = 120
ITERATION_SPIKE_IN = 400
RANDOM_SEED_TEST_SNN = 11
RANDOM_SEED_TEST_GYRO = 3
RANDOM_SEED_TEST_IN = 10
THRESHOLD_COORDINATES = 0.043
THRESHOLD_GYROSCOPE = 0.03  0.03  1.9   
0    -0    -0
0    -0.0166667    -0.0166667
0    -0.0333333    -0.0333333
0    -0.05    -0.05
-2    -0.0666667    -2.06667
-2    -0.0833333    -2.08333
-2    -0.1    -2.1
2    -0.116667    1.88333
-2    0.133333    -1.86667
2    0.15    2.15
2    -0.166667    1.83333
2    -0.183333    1.81667
2    0.2    2.2
-2    -0.216667    -2.21667
-2    -0.233333    -2.23333
2    0.25    2.25
2    -0.266667    1.73333
2    -0.283333    1.71667
2    0.3    2.3
-2    -0.316667    -2.31667
2    0.333333    2.33333
5    0.35    5.35
-2    -0.366667    -2.36667
-2    -0.383333    -2.38333
2    -0.4    1.6
2    -0.416667    1.58333
-2    0.433333    -1.56667
2    -0.45    1.55
2    -0.466667    1.53333
-2    0.483333    -1.51667
-2    -0.5    -2.5
2    -0.516667    1.48333
____________________________________
Tue Jun  4 18:07:47 2024


PARAMETERS
NUMBER_NEURON = 6
ODOM_TEST = 2
VOLTAGE_TRESHOLD = 2
LEARNING_RATE = 0.1
LEAK_RATE_TEST = 1.5
TIME_ITERATION = 120
ITERATION_SPIKE_IN = 400
RANDOM_SEED_TEST_SNN = 11
RANDOM_SEED_TEST_GYRO = 3
RANDOM_SEED_TEST_IN = 10
THRESHOLD_COORDINATES = 0.043
THRESHOLD_GYROSCOPE = 0.03  0.03  1.9   
____________________________________
Tue Jun  4 18:07:47 2024


PARAMETERS
NUMBER_NEURON = 6
ODOM_TEST = 2
VOLTAGE_TRESHOLD = 2
LEARNING_RATE = 0.1
LEAK_RATE_TEST = 1.5
TIME_ITERATION = 120
ITERATION_SPIKE_IN = 400
RANDOM_SEED_TEST_SNN = 11
RANDOM_SEED_TEST_GYRO = 3
RANDOM_SEED_TEST_IN = 10
THRESHOLD_COORDINATES = 0.043
THRESHOLD_GYROSCOPE = 0.03  0.03  1.9   
0    -0    -0
0    -0.0166667    -0.0166667
0    -0.0333333    -0.0333333
0    -0.05    -0.05
-2    -0.0666667    -2.06667
-2    -0.0833333    -2.08333
-2    -0.1    -2.1
2    -0.116667    1.88333
-2    -0.133333    -2.13333
2    -0.15    1.85
2    -0.166667    1.83333
2    -0.183333    1.81667
2    -0.2    1.8
-2    0.216667    -1.78333
-2    -0.233333    -2.23333
2    -0.25    1.75
2    -0.266667    1.73333
2    -0.283333    1.71667
2    -0.3    1.7
-2    0.316667    -1.68333
2    -0.333333    1.66667
2    -0.35    1.65
-2    0.366667    -1.63333
5    0.383333    5.38333
2    -0.4    1.6
-2    0.416667    -1.58333
-2    -0.433333    -2.43333
-2    -0.45    -2.45
-2    0.466667    -1.53333
2    -0.483333    1.51667
-2    0.5    -1.5
2    -0.516667    1.48333
2    -0.533333    1.46667
-2    -0.55    -2.55
-2    0.566667    -1.43333
-2    -0.583333    -2.58333
-2    0.6    -1.4
5    0.616667    5.61667
-2    -0.633333    -2.63333
2    -0.65    1.35
2    0.666667    2.66667
-2    -0.683333    -2.68333
2    -0.7    1.3
-2    0.716667    -1.28333
-2    -0.733333    -2.73333
5    0.75    5.75
2    -0.766667    1.23333
2    -0.783333    1.21667
-2    0.8    -1.2
5    0.816667    5.81667
2    -0.833333    1.16667
2    -0.85    1.15
-2    -0.866667    -2.86667
____________________________________
Tue Jun  4 18:19:34 2024


PARAMETERS
NUMBER_NEURON = 6
ODOM_TEST = 2
VOLTAGE_TRESHOLD = 2
LEARNING_RATE = 0.1
LEAK_RATE_TEST = 1.5
TIME_ITERATION = 120
ITERATION_SPIKE_IN = 400
RANDOM_SEED_TEST_SNN = 11
RANDOM_SEED_TEST_GYRO = 3
RANDOM_SEED_TEST_IN = 10
THRESHOLD_COORDINATES = 0.043
THRESHOLD_GYROSCOPE = 0.03  0.03  1.9   
____________________________________
Tue Jun  4 18:19:34 2024


PARAMETERS
NUMBER_NEURON = 6
ODOM_TEST = 2
VOLTAGE_TRESHOLD = 2
LEARNING_RATE = 0.1
LEAK_RATE_TEST = 1.5
TIME_ITERATION = 120
ITERATION_SPIKE_IN = 400
RANDOM_SEED_TEST_SNN = 11
RANDOM_SEED_TEST_GYRO = 3
RANDOM_SEED_TEST_IN = 10
THRESHOLD_COORDINATES = 0.043
THRESHOLD_GYROSCOPE = 0.03  0.03  1.9   
0    -0    -0
0    -0.0166667    -0.0166667
0    -0.0333333    -0.0333333
0    -0.05    -0.05
-2    -0.0666667    -2.06667
-2    -0.0833333    -2.08333
-2    -0.1    -2.1
2    -0.116667    1.88333
____________________________________
Tue Jun  4 18:21:11 2024


PARAMETERS
NUMBER_NEURON = 6
ODOM_TEST = 2
VOLTAGE_TRESHOLD = 2
LEARNING_RATE = 0.1
LEAK_RATE_TEST = 1.5
TIME_ITERATION = 120
ITERATION_SPIKE_IN = 400
RANDOM_SEED_TEST_SNN = 11
RANDOM_SEED_TEST_GYRO = 3
RANDOM_SEED_TEST_IN = 10
THRESHOLD_COORDINATES = 0.043
THRESHOLD_GYROSCOPE = 0.03  0.03  1.9   
____________________________________
Tue Jun  4 18:21:11 2024


PARAMETERS
NUMBER_NEURON = 6
ODOM_TEST = 2
VOLTAGE_TRESHOLD = 2
LEARNING_RATE = 0.1
LEAK_RATE_TEST = 1.5
TIME_ITERATION = 120
ITERATION_SPIKE_IN = 400
RANDOM_SEED_TEST_SNN = 11
RANDOM_SEED_TEST_GYRO = 3
RANDOM_SEED_TEST_IN = 10
THRESHOLD_COORDINATES = 0.043
THRESHOLD_GYROSCOPE = 0.03  0.03  1.9   
0    -0    -0
0    -0.0166667    -0.0166667
0    -0.0333333    -0.0333333
0    -0.05    -0.05
-2    -0.0666667    -2.06667
-2    -0.0833333    -2.08333
-2    -0.1    -2.1
2    -0.116667    1.88333
-2    -0.133333    -2.13333
2    -0.15    1.85
2    -0.166667    1.83333
2    -0.183333    1.81667
____________________________________
Tue Jun  4 18:22:48 2024


PARAMETERS
NUMBER_NEURON = 6
ODOM_TEST = 2
VOLTAGE_TRESHOLD = 2
LEARNING_RATE = 0.1
LEAK_RATE_TEST = 1.5
TIME_ITERATION = 120
ITERATION_SPIKE_IN = 400
RANDOM_SEED_TEST_SNN = 11
RANDOM_SEED_TEST_GYRO = 3
RANDOM_SEED_TEST_IN = 10
THRESHOLD_COORDINATES = 0.043
THRESHOLD_GYROSCOPE = 0.03  0.03  1.9   
____________________________________
Tue Jun  4 18:22:48 2024


PARAMETERS
NUMBER_NEURON = 6
ODOM_TEST = 2
VOLTAGE_TRESHOLD = 2
LEARNING_RATE = 0.1
LEAK_RATE_TEST = 1.5
TIME_ITERATION = 120
ITERATION_SPIKE_IN = 400
RANDOM_SEED_TEST_SNN = 11
RANDOM_SEED_TEST_GYRO = 3
RANDOM_SEED_TEST_IN = 10
THRESHOLD_COORDINATES = 0.043
THRESHOLD_GYROSCOPE = 0.03  0.03  1.9   
0    -0    -0
0    -0.0166667    -0.0166667
0    -0.0333333    -0.0333333
0    -0.05    -0.05
-2    -0.0666667    -2.06667
-2    -0.0833333    -2.08333
-2    -0.1    -2.1
2    -0.116667    1.88333
-2    -0.133333    -2.13333
2    -0.15    1.85
2    -0.166667    1.83333
2    -0.183333    1.81667
2    -0.2    1.8
-2    0.216667    -1.78333
-2    -0.233333    -2.23333
2    -0.25    1.75
____________________________________
Tue Jun  4 18:26:16 2024


PARAMETERS
NUMBER_NEURON = 6
ODOM_TEST = 2
VOLTAGE_TRESHOLD = 2
LEARNING_RATE = 0.1
LEAK_RATE_TEST = 1.5
TIME_ITERATION = 120
ITERATION_SPIKE_IN = 400
RANDOM_SEED_TEST_SNN = 1
RANDOM_SEED_TEST_GYRO = 3
RANDOM_SEED_TEST_IN = 10
THRESHOLD_COORDINATES = 0.043
THRESHOLD_GYROSCOPE = 0.03  0.03  1.9   
____________________________________
Tue Jun  4 18:26:16 2024


PARAMETERS
NUMBER_NEURON = 6
ODOM_TEST = 2
VOLTAGE_TRESHOLD = 2
LEARNING_RATE = 0.1
LEAK_RATE_TEST = 1.5
TIME_ITERATION = 120
ITERATION_SPIKE_IN = 400
RANDOM_SEED_TEST_SNN = 1
RANDOM_SEED_TEST_GYRO = 3
RANDOM_SEED_TEST_IN = 10
THRESHOLD_COORDINATES = 0.043
THRESHOLD_GYROSCOPE = 0.03  0.03  1.9   
0    0    0
0    0    0
0    0    0
0    0    0
0    0    0
-2    0.0833333    -1.91667
-2    -0.1    -2.1
-2    0.116667    -1.88333
-2    -0.133333    -2.13333
2    -0.15    1.85
2    -0.166667    1.83333
2    -0.183333    1.81667
2    -0.2    1.8
2    -0.216667    1.78333
2    -0.233333    1.76667
2    -0.25    1.75
-2    -0.266667    -2.26667
2    -0.283333    1.71667
2    -0.3    1.7
2    -0.316667    1.68333
2    -0.333333    1.66667
-2    -0.35    -2.35
2    -0.366667    1.63333
2    -0.383333    1.61667
2    -0.4    1.6
2    -0.416667    1.58333
-2    -0.433333    -2.43333
-2    -0.45    -2.45
-2    0.466667    -1.53333
-2    0.483333    -1.51667
2    -0.5    1.5
2    -0.516667    1.48333
2    -0.533333    1.46667
-2    0.55    -1.45
2    -0.566667    1.43333
5    0.583333    5.58333
-2    -0.6    -2.6
-2    -0.616667    -2.61667
-2    -0.633333    -2.63333
-2    0.65    -1.35
-2    -0.666667    -2.66667
2    -0.683333    1.31667
0    -0.7    -0.7
2    -0.716667    1.28333
-2    -0.733333    -2.73333
-2    -0.75    -2.75
2    -0.766667    1.23333
0    -0.783333    -0.783333
0    -0.8    -0.8
-2    -0.816667    -2.81667
2    -0.833333    1.16667
2    0.85    2.85
2    -0.866667    1.13333
2    -0.883333    1.11667
-2    0.9    -1.1
2    -0.916667    1.08333
2    -0.933333    1.06667
2    -0.95    1.05
2    -0.966667    1.03333
-2    -0.983333    -2.98333
2    -1    1
-2    -1.01667    -3.01667
2    -1.03333    0.966667
2    -1.05    0.95
5    1.06667    6.06667
-2    -1.08333    -3.08333
2    -1.1    0.9
2    -1.11667    0.883333
-2    -1.13333    -3.13333
-2    -1.15    -3.15
2    -1.16667    0.833333
2    -1.18333    0.816667
2    -1.2    0.8
2    1.21667    3.21667
-2    1.23333    -0.766667
-2    -1.25    -3.25
2    -1.26667    0.733333
2    1.28333    3.28333
2    -1.3    0.7
2    -1.31667    0.683333
-2    -1.33333    -3.33333
2    -1.35    0.65
2    1.36667    3.36667
2    -1.38333    0.616667
2    -1.4    0.6
-2    -1.41667    -3.41667
