____________________________________
Wed May 29 12:15:16 2024


PARAMETERS
NUMBER_NEURON = 6
ODOM_TEST = 2
VOLTAGE_TRESHOLD = 2
LEARNING_RATE = 0.1
LEAK_RATE_TEST = 1.5
TIME_ITERATION = 120
ITERATION_SPIKE_IN = 400
RANDOM_SEED_TEST_SNN = 40
RANDOM_SEED_TEST_GYRO = 3
RANDOM_SEED_TEST_IN = 10
THRESHOLD_COORDINATES = 0.043
THRESHOLD_GYROSCOPE = 0.03  0.03  1.9   
____________________________________
Wed May 29 12:15:16 2024


PARAMETERS
NUMBER_NEURON = 6
ODOM_TEST = 2
VOLTAGE_TRESHOLD = 2
LEARNING_RATE = 0.1
LEAK_RATE_TEST = 1.5
TIME_ITERATION = 120
ITERATION_SPIKE_IN = 400
RANDOM_SEED_TEST_SNN = 40
RANDOM_SEED_TEST_GYRO = 3
RANDOM_SEED_TEST_IN = 10
THRESHOLD_COORDINATES = 0.043
THRESHOLD_GYROSCOPE = 0.03  0.03  1.9   
0.8    0.8    0.8    0.8    0.8    0.8     
1.33333    1.33333    1.33333    1.33333    1.33333    1.33333     
1.68889    1.68889    1.68889    1.68889    1.68889    1.68889     
1.92593    1.92593    1.92593    1.92593    1.92593    1.92593     
0    0    0    0    0    0     
0    0    0    0    0    1.99586     
0    0    1.75721    0    0    0     
0    0    0    0    0    1.01205     
1.93253    0    1.49509    0    0    0     
0    1.99625    0    1.66364    0    0.994215     
1.48652    0    1.4794    0    1.14427    1.68316     
0    1.64646    0    1.51171    0    0     
0    0    1.71802    0    1.94427    0.820347     
0    0    0    0    0    1.67607     
0    0    1.43509    0    0    0     
0    0    0    1.98895    0    0.752504     
1.72702    1.47333    1.39773    0    1.59094    1.45417     
0    0    1.76917    0.8    1.92888    1.76945     
1.1955    1.44667    0    0    0    0     
0    0    1.75537    1.79053    1.66825    0.6     
1.1955    1.44667    0    0    0    1.2     
0    0    1.51675    1.6386    0.868249    1.6     
1.1955    1.44667    1.9295    0    0    1.86667     
0    0    0    0.843333    0.868249    0     
1.9955    1.66479    1.15695    0    0    0.6     
0    0    0    0.843333    0.868249    1.2     
1.1955    1.49    0.918333    0    0    1.6     
0    0    0    0.843333    0.868249    1.86667     
1.1955    1.49    0.918333    0    0    0     
0    0    0    1.19526    1.86825    0.8     
1.1955    1.49    0.918333    0    0    1.33333     
0    0    0    0.843333    0.868249    1.68889     
1.1955    1.49    0.918333    0    0    1.92593     
0    0    0    0.843333    0.868249    0     
1.9955    1.81646    1.15695    0    0    0.6     
0    0    0    0.843333    0.868249    1.2     
1.1955    1.49    0.918333    0    0    1.6     
0    0    0    0.843333    0.868249    1.86667     
1.1955    1.49    0.918333    0    0    0     
0    0    0    1.19526    1.86825    0.8     
1.1955    1.49    0.918333    0    0    1.74333     
0    0    0    0.843333    0.868249    1.96222     
1.1955    1.49    0.918333    0    0    0     
0    0    0    1.19526    1.86825    0.8     
1.1955    1.49    0.918333    0    0    1.87333     
0    0    0    0.843333    0.868249    0     
1.9955    0    1.42029    0    0    1.14     
0    1.8    0    1.84333    1.86825    1.69667     
0.8    0    0.8    0    0    0     
0    0    0    1.99526    0    0.736667     
1.60868    1.01    1.71833    0    0    1.42778     
0    0    0    0.843333    0.868249    1.75185     
1.47383    1.21    0.918333    0    0    0     
0    0    0    1.19526    1.58658    0.8     
1.47383    1.21    0.918333    0    0    1.58333     
0    0    0    0.843333    0.868249    1.85556     
1.47383    1.21    0.918333    0    0    0     
0    0    0    1.19526    1.58658    0.8     
1.47383    1.21    0.918333    0    0    1.69     
0    0    0    0.843333    0.868249    1.92667     
1.47383    1.21    0.918333    0    0    0     
0    0    0    1.19526    1.58658    0.8     
1.47383    1.21    0.918333    0    0    1.79     
0    0    0    0.843333    0.868249    1.99333     
1.47383    1.21    0.918333    0    0    0     
0    0    0    1.19526    1.58658    0.8     
1.47383    1.21    0.918333    0    0    1.97667     
0    0    0    0.843333    0.868249    0     
0    1.61646    1.45362    0    0    1.24333     
0    0    0    1.84333    1.86825    1.82889     
1.5605    1.295    0.918333    0    0    0     
0    0    0    1.19526    1.58658    0.8     
1.5605    1.295    0.918333    0    0    0     
0    0    0    1.19526    1.58658    0.8     
1.5605    1.295    0.918333    0    0    0     
0    0    0    1.19526    1.58658    0.8     
1.5605    1.295    0.918333    0    0    0     
0    0    0    1.19526    1.58658    0.8     
1.5605    1.295    0.918333    0    0    0     
0    0    0    1.19526    1.58658    0.8     
1.5605    1.295    0.918333    0    0    0     
0    0    0    1.19526    1.58658    0.8     
1.5605    1.295    0.918333    0    0    0     
0    0    0    1.19526    1.58658    0.8     
1.5605    1.295    0.918333    0    0    0     
0    0    0    1.19526    1.58658    0.8     
1.5605    1.295    0.918333    0    0    0     
0    0    0    1.19526    1.58658    0.8     
1.5605    1.295    0.918333    0    0    0     
0    0    0    1.19526    1.58658    0.8     
1.5605    1.295    0.918333    0    0    0     
0    0    0    1.19526    1.58658    0.8     
1.5605    1.295    0.918333    0    0    0     
0    0    0    1.19526    1.58658    0.8     
1.5605    1.295    0.918333    0    0    0     
0    0    0    1.19526    1.58658    0.8     
1.5605    1.295    0.918333    0    0    0     
0    0    0    1.19526    1.58658    0.8     
1.5605    1.295    0.918333    0    0    0     
0    0    0    1.19526    1.58658    0.8     
1.5605    1.295    0.918333    0    0    0     
0    0    0    1.19526    1.58658    0.8     
1.5605    1.295    0.918333    0    0    0     
0    0    0    1.19526    1.58658    0.8     
