____________________________________
Wed May 29 12:15:16 2024


PARAMETERS
NUMBER_NEURON = 6
ODOM_TEST = 2
VOLTAGE_TRESHOLD = 2
LEARNING_RATE = 0.1
LEAK_RATE_TEST = 1.5
TIME_ITERATION = 120
ITERATION_SPIKE_IN = 400
RANDOM_SEED_TEST_SNN = 40
RANDOM_SEED_TEST_GYRO = 3
RANDOM_SEED_TEST_IN = 10
THRESHOLD_COORDINATES = 0.043
THRESHOLD_GYROSCOPE = 0.03  0.03  1.9   
____________________________________
Wed May 29 12:15:16 2024


PARAMETERS
NUMBER_NEURON = 6
ODOM_TEST = 2
VOLTAGE_TRESHOLD = 2
LEARNING_RATE = 0.1
LEAK_RATE_TEST = 1.5
TIME_ITERATION = 120
ITERATION_SPIKE_IN = 400
RANDOM_SEED_TEST_SNN = 40
RANDOM_SEED_TEST_GYRO = 3
RANDOM_SEED_TEST_IN = 10
THRESHOLD_COORDINATES = 0.043
THRESHOLD_GYROSCOPE = 0.03  0.03  1.9   
0    0.50629    0.0883141    0.785534    0.341178    0.811981    0.918438    0    0.194787    0.860279    0.350341    0.446422    0.0208598    0.0373252    0    0.348105    0.724633    0.529124    0.686124    0.927    0.844945    0    0.0576707    0.28576    0.625739    0.607333    0.320081    0.751032    0    0.969165    0.0583465    0.44341    0.475456    0.146661    0.228945    0     
0    0.50629    0.0883141    0.785534    0.341178    0.811981    0.918438    0    0.194787    0.860279    0.350341    0.446422    0.0208598    0.0373252    0    0.348105    0.724633    0.529124    0.686124    0.927    0.844945    0    0.0576707    0.28576    0.625739    0.607333    0.320081    0.751032    0    0.969165    0.0583465    0.44341    0.475456    0.146661    0.228945    0     
0    0.50629    0.0883141    0.785534    0.341178    0.811981    0.918438    0    0.194787    0.860279    0.350341    0.446422    0.0208598    0.0373252    0    0.348105    0.724633    0.529124    0.686124    0.927    0.844945    0    0.0576707    0.28576    0.625739    0.607333    0.320081    0.751032    0    0.969165    0.0583465    0.44341    0.475456    0.146661    0.228945    0     
0    0.50629    0.0883141    0.785534    0.341178    0.811981    0.918438    0    0.194787    0.860279    0.350341    0.446422    0.0208598    0.0373252    0    0.348105    0.724633    0.529124    0.686124    0.927    0.844945    0    0.0576707    0.28576    0.625739    0.607333    0.320081    0.751032    0    0.969165    0.0583465    0.44341    0.475456    0.146661    0.228945    0     
0    0.522398    0.0911238    0.810527    0.352032    0.837815    0.947659    0    0.200984    0.88765    0.361487    0.460625    0.0215235    0.0385127    0    0.35918    0.747687    0.545958    0.707953    0.956493    0.871828    0    0.0595055    0.294851    0.645647    0.626656    0.330265    0.774926    0    1    0.0602028    0.457518    0.490583    0.151327    0.236229    0     
0    0.54616    0.0952687    0.847394    0.150235    0.875924    0.990764    0    0    0.928026    0.16012    0.481577    0    0    0    0.375518    0.781697    0.570791    0.740155    1    0.693674    0    0.0622122    0.308263    0.675015    0.437351    0.127478    0.592365    0    0.827677    0.0629412    0.478328    0.512897    0.15821    0.246974    0     
0    0.551251    0    0.663522    0.151636    0.884089    1    0    0    0.936676    0    0.486066    0    0    0    0.379018    0.788983    0.576112    0.747055    0.817551    0.700141    0    0.0627921    0.311136    0.681307    0.441428    0.128666    0.597887    0    0.835392    0.0635279    0.291016    0.325907    0    0.0575048    0     
0    0.410499    0    0.750515    0.171516    1    0.918083    0    0    0.846457    0    0.549793    0    0    0    0.215685    0.6794    0.43862    0.631974    0.711713    0.791935    0    0.0710246    0.351929    0.557607    0.499302    0.145535    0.463249    0    0.944918    0.0718569    0.329171    0.368636    0    0.0650442    0     
0    0.410499    0    0.750515    0.171516    1    0.918083    0    0    0.846457    0    0.549793    0    0    0    0.215685    0.6794    0.43862    0.631974    0.711713    0.578601    0    0    0.351929    0.344274    0.499302    0    0.463249    0    0.944918    0    0.329171    0.155303    0    0.0650442    0     
0    0.925499    0    0.750515    0.686516    1    0.918083    0    0    0.846457    0    0.549793    0    0.515    0    0.215685    0.6794    0.43862    0.631974    0.711713    0.578601    0    0    0.351929    0.344274    1    0    0.463249    0    1    0    0.329171    0.155303    0    0.0650442    0     
0    0.925499    0    0.750515    0.686516    1    1    0    0    0.846457    0.183333    0.549793    0    0.515    0    0.215685    0.6794    0.43862    0.815308    0.711713    0.578601    0    0    0.351929    0.344274    1    0    0.463249    0    1    0    0.329171    0.155303    0    0.0650442    0     
0    0.925499    0    0.750515    0.686516    1    1    0    0    0.846457    0.183333    0.549793    0    0.296667    0    0.215685    0.6794    0.43862    0.815308    0.711713    0.578601    0    0    0.351929    0.344274    1    0    0.244916    0    1    0    0.329171    0.155303    0    0.0650442    0     
0    0.925499    0    0.750515    0.906516    1    1    0    0.22    0.846457    0.183333    0.549793    0    0.296667    0    0.215685    0.6794    0.43862    0.815308    0.711713    0.798601    0    0.22    0.351929    0.344274    1    0    0.244916    0    1    0    0.329171    0.155303    0    0.0650442    0     
0    0.747166    0    0.750515    0.906516    1    0.821667    0    0.22    0.846457    0.183333    0.549793    0    0.118333    0    0.0373521    0.6794    0.43862    0.636974    0.533379    0.798601    0    0.22    0.351929    0.16594    1    0    0.244916    0    1    0    0.329171    0.155303    0    0.0650442    0     
0    0.570499    0    0.573849    0.906516    1    0.821667    0    0.0433333    0.66979    0.183333    0.549793    0    0.118333    0    0.0373521    0.6794    0.43862    0.460308    0.533379    0.621935    0    0.0433333    0.351929    0.16594    1    0    0.0682495    0    1    0    0.152504    0    0    0    0     
0    0.395499    0    0.398849    0.731516    1    0.646667    0    0.0433333    0.49479    0.183333    0.374793    0    0.118333    0    0.0373521    0.6794    0.43862    0.460308    0.533379    0.621935    0    0.0433333    0.351929    0.16594    0.825    0    0.0682495    0    1    0    0.152504    0    0    0    0     
0    0.395499    0    0.398849    0.731516    1    0.646667    0    0.0433333    0.49479    0.183333    0.374793    0    0.118333    0    0.0373521    0.6794    0.43862    0.633641    0.706713    0.795268    0    0.0433333    0.351929    0.16594    0.825    0    0.0682495    0    1    0    0.152504    0    0    0    0     
0    0.395499    0    0.398849    0.731516    1    0.646667    0    0.0433333    0.666457    0.183333    0.374793    0    0.118333    0    0.0373521    0.6794    0.43862    0.633641    0.706713    0.795268    0    0.0433333    0.351929    0.16594    0.825    0    0.0682495    0    1    0    0.152504    0    0    0    0     
0    0.395499    0    0.398849    0.731516    1    0.646667    0    0.0433333    0.666457    0.183333    0.374793    0    0.118333    0    0.0373521    0.6794    0.43862    0.633641    0.476713    0.795268    0    0.0433333    0.351929    0.16594    0.595    0    0.0682495    0    1    0    0    0    0    0    0     
0    0.395499    0    0.567182    0.731516    1    0.646667    0    0.0433333    0.666457    0.183333    0.374793    0    0.118333    0    0.0373521    0.6794    0.43862    0.633641    0.476713    0.795268    0    0.0433333    0.351929    0.16594    0.595    0    0.0682495    0    1    0    0    0    0    0    0     
0    0.395499    0    0.567182    0.731516    1    0.646667    0    0.0433333    0.666457    0.183333    0.374793    0    0.118333    0    0.0373521    0.6794    0.43862    1    0.476713    0.795268    0    0.0433333    0.351929    0.16594    1    0    0.0682495    0    1    0    0    0    0    0    0     
0    0.395499    0    0.802182    0.966516    1    0.646667    0    0.0433333    0.901457    0.183333    0.374793    0    0.118333    0    0.0373521    0.6794    0.43862    1    0.476713    0.795268    0    0.0433333    0.351929    0.16594    1    0    0.0682495    0    1    0    0    0    0    0    0     
0    0.395499    0    0.802182    0.966516    1    0.646667    0    0.0433333    0.901457    0.183333    0.374793    0    0.118333    0    0.0373521    0.6794    0.43862    1    0.640046    0.795268    0    0.0433333    0.351929    0.16594    1    0    0.0682495    0    1    0    0    0    0    0    0     
0    0.395499    0    0.802182    0.728183    1    0.646667    0    0.0433333    0.901457    0    0.374793    0    0.118333    0    0.0373521    0.6794    0.43862    1    0.640046    0.795268    0    0.0433333    0.351929    0.16594    1    0    0.0682495    0    1    0    0    0    0    0    0     
0    0.395499    0    0.802182    0.728183    1    0.646667    0    0.0433333    0.901457    0    0.374793    0    0.118333    0    0.0373521    0.6794    0.43862    1    0.640046    0.955268    0    0.0433333    0.351929    0.32594    1    0.16    0.0682495    0    1    0    0    0    0    0    0     
0    0.395499    0    0.802182    0.728183    1    0.646667    0    0.0433333    0.901457    0.158333    0.374793    0    0.118333    0    0.195685    0.837733    0.43862    1    0.640046    0.955268    0    0.0433333    0.351929    0.32594    1    0.16    0.0682495    0    1    0    0    0    0    0    0     
0    0.395499    0    0.802182    0.728183    1    0.646667    0    0.0433333    0.901457    0.158333    0.374793    0    0.118333    0    0.195685    0.837733    0.43862    1    0.640046    0.955268    0    0.0433333    0.351929    0.32594    1    0.316667    0.0682495    0    1    0    0    0    0    0    0     
0    0.395499    0    0.802182    0.728183    1    0.646667    0    0.0433333    0.901457    0.158333    0.374793    0    0.118333    0    0.195685    0.992733    0.43862    1    0.640046    0.955268    0    0.0433333    0.351929    0.32594    1    0.316667    0.0682495    0    1    0    0    0    0    0    0     
0    0.395499    0    0.802182    0.728183    1    0.646667    0    0.0433333    0.901457    0.158333    0.374793    0    0.118333    0    0.195685    0.992733    0.43862    1    0.886713    0.955268    0    0.0433333    0.351929    0.572607    1    0.563333    0.0682495    0    1    0    0    0    0    0    0     
0    0.395499    0    0.953849    0.728183    1    0.646667    0    0.0433333    0.901457    0.31    0.52646    0    0.118333    0    0.195685    1    0.43862    1    0.886713    0.955268    0    0.0433333    0.351929    0.572607    1    0.563333    0.0682495    0    1    0    0    0    0    0    0     
0    0.395499    0    0.953849    0.728183    1    0.646667    0    0.0433333    0.901457    0.31    0.52646    0    0.118333    0    0.195685    1    0.43862    1    1    0.955268    0    0.0433333    0.351929    0.572607    1    0.713333    0.0682495    0    1    0    0    0    0    0    0     
0    0.395499    0    1    0.876516    1    0.646667    0    0.0433333    0.901457    0.31    0.52646    0    0.118333    0    0.344019    1    0.43862    1    1    0.955268    0    0.0433333    0.351929    0.572607    1    0.713333    0.0682495    0    1    0    0    0    0    0    0     
0    0.395499    0    1    0.876516    1    0.646667    0    0.0433333    0.901457    0.31    0.52646    0    0.118333    0    0.344019    1    0.43862    1    1    0.955268    0    0.0433333    0.351929    0.719274    1    0.713333    0.0682495    0    1    0    0    0    0    0    0     
0    0.395499    0    0.745    0.621516    1    0.646667    0    0.0433333    0.901457    0.055    0.52646    0    0.118333    0    0.0890188    1    0.43862    1    1    0.955268    0    0.0433333    0.351929    0.719274    1    0.713333    0.0682495    0    1    0    0    0    0    0    0     
0    0.395499    0    0.745    0.621516    1    0.646667    0    0.0433333    0.901457    0.055    0.52646    0    0.118333    0    0.0890188    1    0.43862    1    1    0.955268    0    0.0433333    0.351929    0.862607    1    0.713333    0.0682495    0    1    0    0    0    0    0    0     
0    0.395499    0    0.886667    0.621516    1    0.646667    0    0.0433333    0.901457    0.055    0.52646    0    0.118333    0    0.0890188    1    0.43862    1    1    0.955268    0    0.0433333    0.351929    0.862607    1    0.713333    0.0682495    0    1    0    0    0    0    0    0     
0    0.395499    0    0.886667    0.621516    1    0.646667    0    0.0433333    0.901457    0.055    0.52646    0    0.118333    0    0.0890188    1    0.43862    1    1    0.955268    0    0.0433333    0.351929    0.862607    1    0.713333    0.0682495    0    1    0    0    0    0    0    0     
0    0.395499    0    1    0.75985    1    0.646667    0    0.0433333    0.901457    0.193333    0.52646    0    0.118333    0    0.0890188    1    0.43862    1    1    0.955268    0    0.0433333    0.351929    0.862607    1    0.713333    0.0682495    0    1    0    0    0    0    0    0     
0    0.395499    0    1    0.75985    1    0.646667    0    0.0433333    0.901457    0.193333    0.52646    0    0.118333    0    0.0890188    1    0.43862    1    1    1    0    0.0433333    0.351929    0.862607    1    0.85    0.0682495    0    1    0.136667    0.136667    0.136667    0    0    0     
0    0.395499    0    1    0.75985    1    0.646667    0    0.0433333    1    0.193333    0.66146    0    0.118333    0    0.224019    1    0.57362    1    1    1    0    0.0433333    0.351929    0.862607    1    0.85    0.0682495    0    1    0.136667    0.136667    0.136667    0    0    0     
0    0.395499    0    1    0.75985    1    0.646667    0    0.0433333    1    0.193333    0.66146    0    0.118333    0    0.224019    1    0.57362    1    1    1    0    0.0433333    0.351929    0.99594    1    0.85    0.0682495    0    1    0.136667    0.136667    0.136667    0    0    0     
0    0.395499    0    1    0.891516    1    0.646667    0    0.0433333    1    0.193333    0.66146    0    0.118333    0    0.224019    1    0.57362    1    1    1    0    0.0433333    0.351929    0.99594    1    0.85    0.0682495    0    1    0.136667    0.136667    0.136667    0    0    0     
0    0.395499    0    1    0.891516    1    0.646667    0    0.0433333    1    0.193333    0.66146    0    0.118333    0    0.224019    1    0.57362    1    1    1    0    0.0433333    0.351929    1    1    0.98    0.0682495    0    1    0.136667    0.136667    0.266667    0    0    0     
0    0.395499    0    1    0.891516    1    0.646667    0    0.0433333    1    0.193333    0.789793    0    0.118333    0    0.224019    1    0.701953    1    1    1    0    0.0433333    0.351929    1    1    0.98    0.0682495    0    1    0.136667    0.136667    0.266667    0    0    0     
0    0.395499    0    1    0.891516    1    0.646667    0    0.0433333    1    0.193333    0.789793    0    0.118333    0    0.224019    1    0.701953    1    1    1    0    0.0433333    0.351929    1    1    0.98    0.0682495    0    1    0.136667    0.136667    0.266667    0    0    0     
0    0.395499    0    0.725    0.616516    1    0.646667    0    0.0433333    1    0    0.789793    0    0.118333    0    0    0.725    0.701953    1    1    1    0    0.0433333    0.351929    1    1    0.98    0.0682495    0    1    0.136667    0.136667    0.266667    0    0    0     
0    0.395499    0    0.725    0.616516    1    0.646667    0    0.0433333    1    0    0.789793    0    0.118333    0    0    0.725    0.701953    1    1    1    0    0.0433333    0.351929    1    1    0.98    0.0682495    0    1    0.136667    0.136667    0.266667    0    0    0     
0    0.673833    0    0.725    0.616516    1    0.646667    0    0.0433333    1    0    0.789793    0    0.118333    0    0    1    0.701953    1    1    1    0    0.0433333    0.351929    1    1    0.98    0.0682495    0    1    0.136667    0.136667    0.266667    0    0    0     
0    0.673833    0    0.725    0.616516    1    0.366667    0    0.0433333    1    0    0.789793    0    0.118333    0    0    1    0.701953    1    1    0.72    0    0.0433333    0.351929    1    1    0.7    0.0682495    0    1    0    0.136667    0    0    0    0     
0    0.673833    0    0.443333    0.33485    0.718333    0.366667    0    0.0433333    1    0    0.508127    0    0.118333    0    0    1    0.420286    1    1    0.72    0    0.0433333    0.351929    1    0.718333    0.7    0.0682495    0    0.718333    0    0.136667    0    0    0    0     
0    0.673833    0    0.443333    0.33485    0.718333    0.366667    0    0.0433333    1    0    0.508127    0    0.118333    0    0    1    0.420286    1    1    0.72    0    0.0433333    0.351929    1    0.835    0.7    0.0682495    0    0.718333    0    0.136667    0    0    0    0     
0    0.673833    0    0.443333    0.44985    0.718333    0.366667    0    0.0433333    1    0.115    0.508127    0    0.118333    0    0.115    1    0.420286    1    1    0.72    0    0.0433333    0.351929    1    0.835    0.7    0.0682495    0    0.718333    0    0.136667    0    0    0    0     
0    0.673833    0    0.443333    0.44985    0.718333    0.366667    0    0.0433333    1    0.115    0.508127    0    0.118333    0    0.115    1    0.420286    1    1    0.833333    0    0.0433333    0.351929    1    0.948333    0.7    0.0682495    0    0.718333    0    0.25    0    0    0    0     
0    0.673833    0    0.443333    0.561516    0.83    0.366667    0    0.0433333    1    0.226667    0.508127    0    0.118333    0    0.115    1    0.531953    1    1    0.833333    0    0.0433333    0.351929    1    0.948333    0.7    0.0682495    0    0.718333    0    0.25    0    0    0    0     
0    0.673833    0    0.443333    0.561516    0.83    0.366667    0    0.0433333    1    0.226667    0.508127    0    0.118333    0    0.115    1    0.531953    1    1    0.833333    0    0.0433333    0.351929    1    0.948333    0.81    0.0682495    0    0.718333    0    0.25    0    0    0    0     
0    0.673833    0    0.443333    0.66985    0.83    0.366667    0    0.0433333    1    0.226667    0.508127    0    0.118333    0    0.223333    1    0.531953    1    1    0.833333    0    0.0433333    0.351929    1    0.948333    0.81    0.0682495    0    0.718333    0    0.25    0    0    0    0     
0    0.673833    0    0.443333    0.66985    0.83    0.366667    0    0.0433333    1    0.226667    0.508127    0    0.118333    0    0.223333    1    0.531953    1    1    0.833333    0    0.0433333    0.351929    1    1    0.916667    0.0682495    0    0.718333    0.106667    0.25    0    0    0    0     
0    0.673833    0    0.443333    0.77485    0.83    0.366667    0    0.0433333    1    0.331667    0.508127    0    0.118333    0    0.223333    1    0.636953    1    1    0.833333    0    0.0433333    0.351929    1    1    0.916667    0.0682495    0    0.718333    0.106667    0.25    0    0    0    0     
0    0.673833    0    0.443333    0.77485    0.83    0.366667    0    0.0433333    1    0.331667    0.508127    0    0.118333    0    0.223333    1    0.636953    1    1    0.936667    0    0.0433333    0.351929    1    1    0.916667    0.0682495    0    0.718333    0.106667    0.25    0    0    0    0     
0    0.673833    0    0.545    0.77485    0.83    0.366667    0    0.0433333    1    0.331667    0.508127    0    0.118333    0    0.325    1    0.636953    1    1    0.936667    0    0.0433333    0.351929    1    1    0.916667    0.0682495    0    0.718333    0.106667    0.25    0    0    0    0     
0    0.673833    0    0.545    0.77485    0.83    0.366667    0    0.0433333    1    0.331667    0.508127    0    0.118333    0    0.325    1    0.636953    1    1    1    0    0.0433333    0.351929    1    1    1    0.0682495    0    0.718333    0.106667    0.35    0    0    0    0     
0    0.673833    0    0.643333    0.873183    0.83    0.366667    0    0.0433333    1    0.331667    0.60646    0    0.118333    0    0.325    1    0.735286    1    1    1    0    0.0433333    0.351929    1    1    1    0.0682495    0    0.718333    0.106667    0.35    0    0    0    0     
0    0.673833    0    0.643333    0.873183    0.83    0.366667    0    0.0433333    1    0.331667    0.60646    0    0.118333    0    0.325    1    0.735286    1    1    1    0    0.0433333    0.351929    1    1    1    0.0682495    0    0.718333    0.106667    0.35    0    0    0    0     
0    0.673833    0    0.643333    0.873183    0.83    0.366667    0    0.0433333    1    0.331667    0.60646    0    0.118333    0    0.42    1    0.735286    1    1    1    0    0.0433333    0.351929    1    1    1    0.0682495    0    0.718333    0.106667    0.35    0    0    0    0     
0    0.673833    0    0.643333    0.873183    0.83    0.366667    0    0.0433333    1    0.331667    0.60646    0    0.118333    0    0.42    1    0.735286    1    1    1    0    0.0433333    0.351929    1    1    1    0.0682495    0    0.718333    0.2    0.35    0.0933333    0    0    0     
0    0.673833    0    0.735    0.96485    0.83    0.366667    0    0.0433333    1    0.331667    0.60646    0    0.118333    0    0.42    1    0.735286    1    1    1    0    0.0433333    0.351929    1    1    1    0.0682495    0    0.718333    0.2    0.35    0.0933333    0    0    0     
0    0.673833    0    0.735    0.96485    0.83    0.366667    0    0.0433333    1    0.331667    0.60646    0    0.118333    0    0.42    1    0.735286    1    1    1    0    0.0433333    0.351929    1    1    1    0.0682495    0    0.718333    0.2    0.35    0.0933333    0    0    0     
0    0.673833    0    0.735    0.653183    0.83    0.366667    0    0.0433333    0.688333    0.331667    0.60646    0    0.118333    0    0.42    0.688333    0.735286    1    1    1    0    0.0433333    0.351929    1    1    1    0.0682495    0    0.718333    0.2    0.35    0.0933333    0    0    0     
0    0.673833    0.0866667    0.735    0.653183    0.916667    0.366667    0    0.0433333    0.688333    0.331667    0.60646    0    0.118333    0    0.42    0.688333    0.735286    1    1    1    0    0.0433333    0.351929    1    1    1    0.0682495    0    0.718333    0.2    0.35    0.0933333    0    0    0     
0    0.673833    0.0866667    0.735    0.653183    0.916667    0.451667    0    0.0433333    0.773333    0.331667    0.60646    0    0.118333    0    0.42    0.688333    0.735286    1    1    1    0    0.0433333    0.351929    1    1    1    0.0682495    0    0.718333    0.2    0.35    0.0933333    0    0    0     
0    0.673833    0.0866667    0.735    0.653183    0.916667    0.451667    0    0.0433333    0.773333    0.331667    0.60646    0    0.118333    0    0.42    0.688333    0.735286    1    1    1    0    0.0433333    0.351929    1    1    1    0.0682495    0    0.718333    0.2    0.666667    0.41    0    0    0     
0    0.673833    0.0866667    0.816667    0.73485    0.916667    0.451667    0    0.0433333    0.773333    0.331667    0.688127    0    0.118333    0    0.42    0.77    0.816953    1    1    1    0    0.0433333    0.351929    1    1    1    0.0682495    0    0.718333    0.2    0.666667    0.41    0    0    0     
0    0.673833    0.0866667    0.816667    0.73485    0.916667    0.451667    0    0.0433333    0.773333    0.331667    0.688127    0    0.118333    0    0.42    0.77    0.816953    1    1    1    0    0.0433333    0.351929    1    1    1    0.0682495    0    0.718333    0.28    0.746667    0.41    0    0    0     
0    0.673833    0.0866667    0.895    0.813183    0.995    0.451667    0    0.0433333    0.773333    0.41    0.76646    0    0.118333    0    0.42    0.848333    0.895286    1    1    1    0    0.0433333    0.351929    1    1    1    0.0682495    0    0.718333    0.28    0.746667    0.41    0    0    0     
0    0.673833    0.0866667    0.895    0.813183    0.995    0.451667    0    0.0433333    0.773333    0.41    0.76646    0    0.118333    0    0.42    0.848333    0.895286    1    1    1    0    0.0433333    0.351929    1    1    1    0.0682495    0    0.718333    0.356667    0.823333    0.486667    0    0    0     
0    0.673833    0.0866667    0.97    0.813183    1    0.451667    0    0.0433333    0.773333    0.485    0.76646    0    0.118333    0    0.42    0.848333    0.895286    1    1    1    0    0.0433333    0.351929    1    1    1    0.0682495    0    0.718333    0.356667    0.823333    0.486667    0    0    0     
0    0.673833    0.0866667    0.97    0.813183    1    0.451667    0    0.0433333    0.773333    0.485    0.76646    0    0.118333    0    0.42    0.848333    0.895286    1    1    1    0    0.0433333    0.351929    1    1    1    0.0682495    0    0.718333    0.356667    0.896667    0.486667    0    0    0     
0    0.673833    0.0866667    1    0.813183    1    0.451667    0    0.0433333    0.773333    0.556667    0.838127    0    0.118333    0    0.42    0.848333    0.895286    1    1    1    0    0.0433333    0.351929    1    1    1    0.0682495    0    0.718333    0.356667    0.896667    0.486667    0    0    0     
0    0.673833    0.0866667    1    0.813183    1    0.451667    0    0.0433333    0.773333    0.556667    0.838127    0    0.118333    0    0.42    0.848333    0.895286    1    1    1    0    0.0433333    0.351929    1    1    1    0.0682495    0    0.718333    0.356667    0.896667    0.556667    0    0    0     
0    0.673833    0.0866667    1    0.813183    1    0.451667    0    0.0433333    0.841667    0.556667    0.90646    0    0.118333    0    0.488333    0.848333    0.96362    1    1    1    0    0.0433333    0.351929    1    1    1    0.0682495    0    0.718333    0.356667    0.896667    0.556667    0    0    0     
0    0.673833    0.0866667    1    0.813183    1    0.451667    0    0.0433333    0.841667    0.556667    0.90646    0    0.118333    0    0.488333    0.848333    0.96362    1    1    1    0    0.0433333    0.351929    1    1    1    0.0682495    0    0.718333    0.356667    0.896667    0.623333    0    0    0     
0    0.673833    0.0866667    1    0.878183    1    0.451667    0    0.0433333    0.841667    0.556667    0.97146    0    0.118333    0    0.488333    0.913333    1    1    1    1    0    0.0433333    0.351929    1    1    1    0.0682495    0    0.718333    0.356667    0.896667    0.623333    0    0    0     
0    0.673833    0.0866667    1    0.878183    1    0.451667    0    0.0433333    0.841667    0.556667    0.97146    0    0.118333    0    0.488333    0.913333    1    1    1    1    0    0.0433333    0.351929    1    1    1    0.0682495    0    0.718333    0.42    0.896667    0.623333    0    0    0     
0    0.673833    0.0866667    1    0.93985    1    0.451667    0    0.0433333    0.841667    0.556667    0.97146    0    0.118333    0    0.55    0.913333    1    1    1    1    0    0.0433333    0.351929    1    1    1    0.0682495    0    0.718333    0.42    0.896667    0.623333    0    0    0     
0    0.673833    0.0866667    1    0.93985    1    0.451667    0    0.0433333    0.841667    0.556667    0.97146    0    0.118333    0    0.55    0.913333    1    1    1    1    0    0.0433333    0.351929    1    1    1    0.0682495    0    0.718333    0.48    0.956667    0.623333    0    0    0     
0    0.673833    0.0866667    1    0.93985    1    0.451667    0    0.0433333    0.841667    0.615    1    0    0.118333    0    0.608333    0.913333    1    1    1    1    0    0.0433333    0.351929    1    1    1    0.0682495    0    0.718333    0.48    0.956667    0.623333    0    0    0     
0    0.673833    0.0866667    1    0.93985    1    0.451667    0    0.0433333    0.841667    0.615    1    0    0.118333    0    0.608333    0.913333    1    1    1    1    0    0.0433333    0.351929    1    1    1    0.0682495    0    0.718333    0.48    0.956667    0.623333    0    0    0     
0    0.673833    0.0866667    1    0.99485    1    0.451667    0    0.0433333    0.841667    0.67    1    0    0.118333    0    0.608333    0.913333    1    1    1    1    0    0.0433333    0.351929    1    1    1    0.0682495    0    0.718333    0.48    0.956667    0.623333    0    0    0     
0    0.673833    0.0866667    1    0.99485    1    0.451667    0    0.0433333    0.841667    0.67    1    0    0.118333    0    0.608333    0.913333    1    1    1    1    0    0.0433333    0.351929    1    1    1    0.0682495    0    0.718333    0.48    1    0.623333    0    0    0     
0    0.673833    0.0866667    1    1    1    0.451667    0    0.0433333    0.893333    0.67    1    0    0.118333    0    0.608333    0.913333    1    1    1    1    0    0.0433333    0.351929    1    1    1    0.0682495    0    0.718333    0.48    1    0.623333    0    0    0     
0    0.673833    0.0866667    1    1    1    0.451667    0    0.0433333    0.893333    0.67    1    0    0.118333    0    0.608333    0.913333    1    1    1    1    0    0.0433333    0.351929    1    1    1    0.0682495    0    0.718333    0.53    1    0.623333    0    0    0     
0    0.673833    0.0866667    1    1    1    0.451667    0    0.0433333    0.893333    0.67    1    0    0.118333    0    0.656667    0.913333    1    1    1    1    0    0.0433333    0.351929    1    1    1    0.0682495    0    0.718333    0.53    1    0.623333    0    0    0     
0    0.673833    0.0866667    1    1    1    0.451667    0    0.0433333    0.893333    0.67    1    0    0.118333    0    0.656667    0.913333    1    1    1    1    0    0.0433333    0.351929    1    1    1    0.0682495    0    0.718333    0.53    1    0.623333    0    0    0     
0    0.673833    0.0866667    1    1    1    0.451667    0    0.0433333    0.938333    0.715    1    0    0.118333    0    0.656667    0.913333    1    1    1    1    0    0.0433333    0.351929    1    1    1    0.0682495    0    0.718333    0.53    1    0.623333    0    0    0     
0    0.673833    0.0866667    1    1    1    0.451667    0    0.0433333    0.938333    0.715    1    0    0.118333    0    0.656667    0.913333    1    1    1    1    0    0.0433333    0.351929    1    1    1    0.0682495    0    0.718333    0.53    1    0.666667    0    0    0     
0    0.673833    0.0866667    1    1    1    0.451667    0    0.0433333    0.98    0.715    1    0    0.118333    0    0.656667    0.955    1    1    1    1    0    0.0433333    0.351929    1    1    1    0.0682495    0    0.718333    0.53    1    0.666667    0    0    0     
0    0.673833    0.0866667    1    1    1    0.451667    0    0.0433333    0.98    0.715    1    0    0.118333    0    0.656667    0.955    1    1    1    1    0    0.0433333    0.351929    1    1    1    0.0682495    0    0.718333    0.57    1    0.706667    0    0    0     
0    0.673833    0.0866667    1    1    1    0.451667    0    0.0433333    0.98    0.715    1    0    0.118333    0    0.656667    0.955    1    1    1    1    0    0.0433333    0.351929    1    1    1    0.0682495    0    0.718333    0.57    1    0.706667    0    0    0     
0    0.673833    0.0866667    1    1    1    0.451667    0    0.0433333    0.98    0.715    1    0    0.118333    0    0.656667    0.955    1    1    1    1    0    0.0433333    0.351929    1    1    1    0.0682495    0    0.718333    0.606667    1    0.706667    0    0    0     
0    0.673833    0.0866667    1    1    1    0.451667    0    0.0433333    0.98    0.75    1    0    0.118333    0    0.691667    0.99    1    1    1    1    0    0.0433333    0.351929    1    1    1    0.0682495    0    0.718333    0.606667    1    0.706667    0    0    0     
0    0.673833    0.0866667    1    1    1    0.451667    0    0.0433333    0.98    0.75    1    0    0.118333    0    0.691667    0.99    1    1    1    1    0    0.0433333    0.351929    1    1    1    0.0682495    0    0.718333    0.606667    1    0.74    0    0    0     
0    0.673833    0.0866667    1    1    1    0.451667    0    0.0433333    0.98    0.781667    1    0    0.118333    0    0.691667    1    1    1    1    1    0    0.0433333    0.351929    1    1    1    0.0682495    0    0.718333    0.606667    1    0.74    0    0    0     
0    0.673833    0.0866667    1    1    1    0.451667    0    0.0433333    0.98    0.781667    1    0    0.118333    0    0.691667    1    1    1    1    1    0    0.0433333    0.351929    1    1    1    0.0682495    0    0.718333    0.636667    1    0.74    0    0    0     
0    0.673833    0.0866667    1    1    1    0.451667    0    0.0433333    1    0.81    1    0    0.118333    0    0.691667    1    1    1    1    1    0    0.0433333    0.351929    1    1    1    0.0682495    0    0.718333    0.636667    1    0.74    0    0    0     
